/*--------------------------------*- C++ -*----------------------------------*\
| =========                 |                                                 |
| \\      /  F ield         | OpenFOAM: The Open Source CFD Toolbox           |
|  \\    /   O peration     | Version:  2.1.0                                 |
|   \\  /    A nd           | Web:      www.OpenFOAM.org                      |
|    \\/     M anipulation  |                                                 |
\*---------------------------------------------------------------------------*/
FoamFile
{
    version     2.0;
    format      ascii;
    class       faceSet;
    location    "constant/polyMesh/sets";
    object      nonOrthoFaces;
}
// * * * * * * * * * * * * * * * * * * * * * * * * * * * * * * * * * * * * * //


1560
(
16408 
16410 
16411 
16412 
16413 
16414 
16415 
16416 
16417 
16418 
16419 
16420 
16421 
16422 
16423 
16424 
16425 
16426 
16427 
16428 
16429 
16430 
16431 
16432 
16433 
16434 
16435 
16436 
16437 
16438 
16439 
16440 
16441 
16442 
16443 
16444 
16445 
16446 
16447 
16448 
16449 
16488 
16490 
16491 
16492 
16493 
16494 
16495 
16496 
16497 
16498 
16499 
16500 
16501 
16502 
16503 
16504 
16505 
16506 
16507 
16508 
16509 
16510 
16511 
16512 
16513 
16514 
16515 
16516 
16517 
16518 
16519 
16520 
16521 
16522 
16523 
16524 
16525 
16526 
16527 
16528 
16529 
16554 
16555 
16556 
16557 
16558 
16559 
16560 
16561 
16562 
16563 
16564 
16565 
16566 
16567 
16568 
16569 
16570 
16571 
16572 
16573 
16574 
16588 
16590 
16591 
16592 
16593 
16594 
16595 
16596 
16597 
16598 
16599 
16600 
16601 
16602 
16603 
16604 
16605 
16606 
16607 
16608 
16609 
16610 
16611 
16612 
16613 
16614 
16615 
16616 
16617 
16618 
16619 
16620 
16621 
16622 
16623 
16624 
16625 
16626 
16627 
16628 
16629 
16668 
16670 
16671 
16672 
16673 
16674 
16675 
16676 
16677 
16678 
16679 
16680 
16681 
16682 
16683 
16684 
16685 
16686 
16687 
16688 
16689 
16690 
16691 
16692 
16693 
16694 
16695 
16696 
16697 
16698 
16699 
16700 
16701 
16702 
16703 
16704 
16705 
16706 
16707 
16708 
16709 
16748 
16750 
16751 
16752 
16753 
16754 
16755 
16756 
16757 
16758 
16759 
16760 
16761 
16762 
16763 
16764 
16765 
16766 
16767 
16768 
16769 
16770 
16771 
16772 
16773 
16774 
16775 
16776 
16777 
16778 
16779 
16780 
16781 
16782 
16783 
16784 
16785 
16786 
16787 
16788 
16789 
16828 
16830 
16831 
16832 
16833 
16834 
16835 
16836 
16837 
16838 
16839 
16840 
16841 
16842 
16843 
16844 
16845 
16846 
16847 
16848 
16849 
16850 
16851 
16852 
16853 
16854 
16855 
16856 
16857 
16858 
16859 
16860 
16861 
16862 
16863 
16864 
16865 
16866 
16867 
16868 
16869 
16908 
16910 
16911 
16912 
16913 
16914 
16915 
16916 
16917 
16918 
16919 
16920 
16921 
16922 
16923 
16924 
16925 
16926 
16927 
16928 
16929 
16930 
16931 
16932 
16933 
16934 
16935 
16936 
16937 
16938 
16939 
16940 
16941 
16942 
16943 
16944 
16945 
16946 
16947 
16948 
16949 
16988 
16990 
16991 
16992 
16993 
16994 
16995 
16996 
16997 
16998 
16999 
17000 
17001 
17002 
17003 
17004 
17005 
17006 
17007 
17008 
17009 
17010 
17011 
17012 
17013 
17014 
17015 
17016 
17017 
17018 
17019 
17020 
17021 
17022 
17023 
17024 
17025 
17026 
17027 
17028 
17029 
17068 
17070 
17071 
17072 
17073 
17074 
17075 
17076 
17077 
17078 
17079 
17080 
17081 
17082 
17083 
17084 
17085 
17086 
17087 
17088 
17089 
17090 
17091 
17092 
17093 
17094 
17095 
17096 
17097 
17098 
17099 
17100 
17101 
17102 
17103 
17104 
17105 
17106 
17107 
15059 
17108 
17109 
15061 
15062 
15063 
15064 
15065 
15066 
15067 
15068 
15069 
15070 
15071 
15072 
15073 
15074 
15075 
15076 
15077 
15078 
15079 
15080 
15081 
15082 
15083 
15084 
15085 
15086 
15087 
15088 
15089 
15090 
15091 
15092 
15093 
15094 
15095 
15096 
15097 
15098 
15099 
17148 
15100 
17150 
17151 
17152 
17153 
17154 
17155 
17156 
17157 
17158 
17159 
17160 
17161 
17162 
17163 
17164 
17165 
17166 
17167 
17168 
17169 
17170 
17171 
17172 
17173 
17174 
17175 
17176 
17177 
17178 
17179 
17180 
17181 
17182 
17183 
17184 
17185 
17186 
17187 
17188 
15140 
17189 
15142 
15143 
15144 
15145 
15146 
15147 
15148 
15149 
15150 
15151 
15152 
15153 
15154 
15155 
15156 
15157 
15158 
15159 
15160 
15161 
15162 
15163 
15164 
15165 
15166 
15167 
15168 
15169 
15170 
15171 
15172 
15173 
15174 
15175 
15176 
15177 
15178 
15179 
17228 
15180 
15181 
17230 
17231 
17232 
17233 
17234 
17235 
17236 
17237 
17238 
17239 
17240 
17241 
17242 
17243 
17244 
17245 
17246 
17247 
17248 
17249 
17250 
17251 
17252 
17253 
17254 
17255 
17256 
17257 
17258 
17259 
17260 
17261 
17262 
17263 
17264 
17265 
17266 
17267 
17268 
17269 
15221 
15223 
15224 
15225 
15226 
15227 
15228 
15229 
15230 
15231 
15232 
15233 
15234 
15235 
15236 
15237 
15238 
15239 
15240 
15241 
15242 
15243 
15244 
15245 
15246 
15247 
15248 
15249 
15250 
15251 
15252 
15253 
15254 
15255 
17304 
15256 
17305 
15257 
17306 
15258 
17307 
15259 
17308 
15260 
17309 
15261 
17310 
15262 
17311 
17312 
17313 
17314 
17315 
17316 
17317 
17318 
17319 
17320 
17321 
17322 
17323 
17324 
15302 
15304 
15305 
15306 
15307 
15308 
15309 
15310 
15311 
15312 
15313 
15314 
15315 
15316 
15317 
15318 
15319 
17368 
15320 
15321 
17370 
15322 
17371 
15323 
17372 
15324 
17373 
15325 
17374 
15326 
17375 
15327 
17376 
15328 
17377 
15329 
17378 
15330 
17379 
15331 
17380 
15332 
17381 
15333 
17382 
15334 
17383 
15335 
17384 
15336 
17385 
15337 
17386 
15338 
17387 
15339 
17388 
15340 
17389 
15341 
17390 
15342 
17391 
15343 
17392 
17393 
17394 
17395 
17396 
17397 
17398 
17399 
17400 
17401 
17402 
17403 
17404 
17405 
17406 
17407 
17408 
17409 
15383 
15385 
15386 
15387 
15388 
15389 
15390 
15391 
15392 
15393 
15394 
15395 
15396 
15397 
15398 
17447 
15399 
15400 
17449 
15401 
17450 
15402 
17451 
15403 
17452 
15404 
17453 
15405 
17454 
15406 
17455 
15407 
17456 
15408 
17457 
15409 
17458 
15410 
17459 
15411 
17460 
15412 
17461 
15413 
17462 
15414 
17463 
15415 
17464 
15416 
17465 
15417 
17466 
15418 
17467 
15419 
17468 
15420 
17469 
15421 
17470 
15422 
17471 
15423 
17472 
15424 
17473 
17474 
17475 
17476 
17477 
17478 
17479 
17480 
17481 
17482 
17483 
17484 
17485 
17486 
17487 
17488 
15464 
15466 
15467 
15468 
15469 
15470 
15471 
15472 
15473 
15474 
15475 
15476 
15477 
17526 
15478 
15479 
17528 
15480 
17529 
15481 
17530 
15482 
17531 
15483 
17532 
15484 
17533 
15485 
17534 
15486 
17535 
15487 
17536 
15488 
17537 
15489 
17538 
15490 
17539 
15491 
17540 
15492 
17541 
15493 
17542 
15494 
17543 
15495 
17544 
15496 
17545 
15497 
17546 
15498 
17547 
15499 
17548 
15500 
17549 
15501 
17550 
15502 
17551 
15503 
17552 
15504 
17553 
15505 
17554 
17555 
17556 
17557 
17558 
17559 
17560 
17561 
17562 
17563 
17564 
17565 
17566 
17567 
15545 
15547 
15548 
15549 
15550 
15551 
15552 
15553 
15554 
15555 
15556 
17605 
15557 
15558 
17607 
15559 
17608 
15560 
17609 
15561 
17610 
15562 
17611 
15563 
17612 
15564 
17613 
15565 
17614 
15566 
17615 
15567 
17616 
15568 
17617 
15569 
17618 
15570 
17619 
15571 
17620 
15572 
17621 
15573 
17622 
15574 
17623 
15575 
17624 
15576 
17625 
15577 
17626 
15578 
17627 
15579 
17628 
15580 
17629 
15581 
17630 
15582 
17631 
15583 
17632 
15584 
17633 
15585 
17634 
15586 
17635 
17636 
17637 
17638 
17639 
17640 
17641 
17642 
17643 
17644 
17645 
17646 
15626 
15628 
15629 
15630 
15631 
15632 
15633 
15634 
15635 
17684 
15636 
15637 
17686 
15638 
17687 
15639 
17688 
15640 
17689 
15641 
17690 
15642 
17691 
15643 
17692 
15644 
17693 
15645 
17694 
15646 
17695 
15647 
17696 
15648 
17697 
15649 
17698 
15650 
17699 
15651 
17700 
15652 
17701 
15653 
17702 
15654 
17703 
15655 
17704 
15656 
17705 
15657 
17706 
15658 
17707 
15659 
17708 
15660 
17709 
15661 
17710 
15662 
17711 
15663 
17712 
15664 
17713 
15665 
17714 
15666 
17715 
15667 
17716 
17717 
17718 
17719 
17720 
17721 
17722 
17723 
17724 
17725 
15707 
15709 
15710 
15711 
15712 
15713 
15714 
17763 
15715 
15716 
17765 
15717 
17766 
15718 
17767 
15719 
17768 
15720 
17769 
15721 
17770 
15722 
17771 
15723 
17772 
15724 
17773 
15725 
17774 
15726 
17775 
15727 
17776 
15728 
17777 
15729 
17778 
15730 
17779 
15731 
17780 
15732 
17781 
15733 
17782 
15734 
17783 
15735 
17784 
15736 
17785 
15737 
17786 
15738 
17787 
15739 
17788 
15740 
17789 
15741 
17790 
15742 
17791 
15743 
17792 
15744 
17793 
15745 
17794 
15746 
17795 
15747 
17796 
15748 
17797 
17798 
17799 
17800 
17801 
17802 
17803 
17804 
15784 
15785 
15786 
15787 
15788 
15789 
15790 
15791 
15792 
15793 
17842 
15794 
15795 
17844 
15796 
17845 
15797 
17846 
15798 
17847 
15799 
17848 
15800 
17849 
15801 
17850 
15802 
17851 
15803 
17852 
15804 
17853 
17854 
17855 
17856 
17857 
17858 
17859 
17860 
17861 
17862 
17863 
17864 
17865 
17866 
17867 
17868 
17869 
17870 
17871 
17872 
17873 
17874 
17875 
17876 
17877 
17878 
17879 
17880 
17881 
17882 
17883 
15848 
15850 
15851 
15852 
15853 
15854 
15855 
15856 
15857 
15858 
15859 
15860 
15861 
15862 
15863 
15864 
15865 
15866 
15867 
15868 
15869 
15870 
15871 
15872 
17921 
15873 
15874 
17923 
15875 
17924 
15876 
17925 
15877 
17926 
15878 
17927 
15879 
17928 
15880 
17929 
15881 
17930 
15882 
17931 
15883 
17932 
15884 
17933 
15885 
17934 
15886 
17935 
15887 
17936 
15888 
17937 
15889 
17938 
17939 
17940 
17941 
17942 
17943 
17944 
17945 
17946 
17947 
17948 
17949 
17950 
17951 
17952 
17953 
17954 
17955 
17956 
17957 
17958 
17959 
17960 
17961 
17962 
15928 
15930 
15931 
15932 
15933 
15934 
15935 
15936 
15937 
15938 
15939 
15940 
15941 
15942 
15943 
15944 
15945 
15946 
15947 
15948 
15949 
15950 
15951 
18000 
15952 
15953 
18002 
15954 
18003 
15955 
18004 
15956 
18005 
15957 
18006 
15958 
18007 
15959 
18008 
15960 
18009 
15961 
18010 
15962 
18011 
15963 
18012 
15964 
18013 
15965 
18014 
15966 
18015 
15967 
18016 
15968 
18017 
15969 
18018 
18019 
18020 
18021 
18022 
18023 
18024 
18025 
18026 
18027 
18028 
18029 
18030 
18031 
18032 
18033 
18034 
18035 
18036 
18037 
18038 
18039 
18040 
18041 
16008 
16010 
16011 
16012 
16013 
16014 
16015 
16016 
18065 
16017 
18066 
16018 
18067 
16019 
18068 
16020 
18069 
16021 
18070 
16022 
18071 
16023 
18072 
16024 
18073 
16025 
18074 
16026 
18075 
16027 
18076 
16028 
18077 
16029 
18078 
16030 
18079 
16031 
18080 
16032 
18081 
16033 
18082 
16034 
18083 
16035 
18084 
16036 
18085 
16037 
16038 
16039 
16040 
16041 
16042 
16043 
16044 
16045 
16046 
16047 
16048 
16049 
16088 
16090 
16091 
16092 
16093 
16094 
16095 
16096 
16097 
16098 
16099 
16100 
16101 
16102 
16103 
16104 
16105 
16106 
16107 
16108 
16109 
16110 
16111 
16112 
16113 
16114 
16115 
16116 
16117 
16118 
16119 
16120 
16121 
16122 
16123 
16124 
16125 
16126 
16127 
16128 
16129 
16168 
16170 
16171 
16172 
16173 
16174 
16175 
16176 
16177 
16178 
16179 
16180 
16181 
16182 
16183 
16184 
16185 
16186 
16187 
16188 
16189 
16190 
16191 
16192 
16193 
16194 
16195 
16196 
16197 
16198 
16199 
16200 
16201 
16202 
16203 
16204 
16205 
16206 
16207 
16208 
16209 
16248 
16250 
16251 
16252 
16253 
16254 
16255 
16256 
16257 
16258 
16259 
16260 
16261 
16262 
16263 
16264 
16265 
16266 
16267 
16268 
16269 
16270 
16271 
16272 
16273 
16274 
16275 
16276 
16277 
16278 
16279 
16280 
16281 
16282 
16283 
16284 
16285 
16286 
16287 
16288 
16289 
16328 
16330 
16331 
16332 
16333 
16334 
16335 
16336 
16337 
16338 
16339 
16340 
16341 
16342 
16343 
16344 
16345 
16346 
16347 
16348 
16349 
16350 
16351 
16352 
16353 
16354 
16355 
16356 
16357 
16358 
16359 
16360 
16361 
16362 
16363 
16364 
16365 
16366 
16367 
16368 
16369 
)

// ************************************************************************* //
