/*--------------------------------*- C++ -*----------------------------------*\
| =========                 |                                                 |
| \\      /  F ield         | OpenFOAM: The Open Source CFD Toolbox           |
|  \\    /   O peration     | Version:  2.1.0                                 |
|   \\  /    A nd           | Web:      www.OpenFOAM.org                      |
|    \\/     M anipulation  |                                                 |
\*---------------------------------------------------------------------------*/
FoamFile
{
    version     2.0;
    format      ascii;
    class       labelList;
    note        "nPoints: 19020 nCells: 9200 nFaces: 37110 nInternalFaces: 18090";
    location    "constant/polyMesh";
    object      neighbour;
}
// * * * * * * * * * * * * * * * * * * * * * * * * * * * * * * * * * * * * * //


18090
(
1
30
2
31
3
32
4
33
5
34
6
35
7
36
8
37
9
38
10
39
11
40
12
41
13
42
14
43
15
44
16
45
17
46
18
47
19
48
20
49
21
50
22
51
23
52
24
53
25
54
26
55
27
56
28
57
29
58
59
600
31
60
32
61
33
62
34
63
35
64
36
65
37
66
38
67
39
68
40
69
41
70
42
71
43
72
44
73
45
74
46
75
47
76
48
77
49
78
50
79
51
80
52
81
53
82
54
83
55
84
56
85
57
86
58
87
59
88
89
640
61
90
62
91
63
92
64
93
65
94
66
95
67
96
68
97
69
98
70
99
71
100
72
101
73
102
74
103
75
104
76
105
77
106
78
107
79
108
80
109
81
110
82
111
83
112
84
113
85
114
86
115
87
116
88
117
89
118
119
680
91
120
92
121
93
122
94
123
95
124
96
125
97
126
98
127
99
128
100
129
101
130
102
131
103
132
104
133
105
134
106
135
107
136
108
137
109
138
110
139
111
140
112
141
113
142
114
143
115
144
116
145
117
146
118
147
119
148
149
720
121
150
122
151
123
152
124
153
125
154
126
155
127
156
128
157
129
158
130
159
131
160
132
161
133
162
134
163
135
164
136
165
137
166
138
167
139
168
140
169
141
170
142
171
143
172
144
173
145
174
146
175
147
176
148
177
149
178
179
760
151
180
152
181
153
182
154
183
155
184
156
185
157
186
158
187
159
188
160
189
161
190
162
191
163
192
164
193
165
194
166
195
167
196
168
197
169
198
170
199
171
200
172
201
173
202
174
203
175
204
176
205
177
206
178
207
179
208
209
800
181
210
182
211
183
212
184
213
185
214
186
215
187
216
188
217
189
218
190
219
191
220
192
221
193
222
194
223
195
224
196
225
197
226
198
227
199
228
200
229
201
230
202
231
203
232
204
233
205
234
206
235
207
236
208
237
209
238
239
840
211
240
212
241
213
242
214
243
215
244
216
245
217
246
218
247
219
248
220
249
221
250
222
251
223
252
224
253
225
254
226
255
227
256
228
257
229
258
230
259
231
260
232
261
233
262
234
263
235
264
236
265
237
266
238
267
239
268
269
880
241
270
242
271
243
272
244
273
245
274
246
275
247
276
248
277
249
278
250
279
251
280
252
281
253
282
254
283
255
284
256
285
257
286
258
287
259
288
260
289
261
290
262
291
263
292
264
293
265
294
266
295
267
296
268
297
269
298
299
920
271
300
272
301
273
302
274
303
275
304
276
305
277
306
278
307
279
308
280
309
281
310
282
311
283
312
284
313
285
314
286
315
287
316
288
317
289
318
290
319
291
320
292
321
293
322
294
323
295
324
296
325
297
326
298
327
299
328
329
960
301
330
302
331
303
332
304
333
305
334
306
335
307
336
308
337
309
338
310
339
311
340
312
341
313
342
314
343
315
344
316
345
317
346
318
347
319
348
320
349
321
350
322
351
323
352
324
353
325
354
326
355
327
356
328
357
329
358
359
1000
331
360
332
361
333
362
334
363
335
364
336
365
337
366
338
367
339
368
340
369
341
370
342
371
343
372
344
373
345
374
346
375
347
376
348
377
349
378
350
379
351
380
352
381
353
382
354
383
355
384
356
385
357
386
358
387
359
388
389
1040
361
390
362
391
363
392
364
393
365
394
366
395
367
396
368
397
369
398
370
399
371
400
372
401
373
402
374
403
375
404
376
405
377
406
378
407
379
408
380
409
381
410
382
411
383
412
384
413
385
414
386
415
387
416
388
417
389
418
419
1080
391
420
392
421
393
422
394
423
395
424
396
425
397
426
398
427
399
428
400
429
401
430
402
431
403
432
404
433
405
434
406
435
407
436
408
437
409
438
410
439
411
440
412
441
413
442
414
443
415
444
416
445
417
446
418
447
419
448
449
1120
421
450
422
451
423
452
424
453
425
454
426
455
427
456
428
457
429
458
430
459
431
460
432
461
433
462
434
463
435
464
436
465
437
466
438
467
439
468
440
469
441
470
442
471
443
472
444
473
445
474
446
475
447
476
448
477
449
478
479
1160
451
480
452
481
453
482
454
483
455
484
456
485
457
486
458
487
459
488
460
489
461
490
462
491
463
492
464
493
465
494
466
495
467
496
468
497
469
498
470
499
471
500
472
501
473
502
474
503
475
504
476
505
477
506
478
507
479
508
509
1200
481
510
482
511
483
512
484
513
485
514
486
515
487
516
488
517
489
518
490
519
491
520
492
521
493
522
494
523
495
524
496
525
497
526
498
527
499
528
500
529
501
530
502
531
503
532
504
533
505
534
506
535
507
536
508
537
509
538
539
1240
511
540
512
541
513
542
514
543
515
544
516
545
517
546
518
547
519
548
520
549
521
550
522
551
523
552
524
553
525
554
526
555
527
556
528
557
529
558
530
559
531
560
532
561
533
562
534
563
535
564
536
565
537
566
538
567
539
568
569
1280
541
570
542
571
543
572
544
573
545
574
546
575
547
576
548
577
549
578
550
579
551
580
552
581
553
582
554
583
555
584
556
585
557
586
558
587
559
588
560
589
561
590
562
591
563
592
564
593
565
594
566
595
567
596
568
597
569
598
599
1320
571
7000
572
7001
573
7002
574
7003
575
7004
576
7005
577
7006
578
7007
579
7008
580
7009
581
7010
582
7011
583
7012
584
7013
585
7014
586
7015
587
7016
588
7017
589
7018
590
7019
591
7020
592
7021
593
7022
594
7023
595
7024
596
7025
597
7026
598
7027
599
7028
1360
7029
601
640
602
641
603
642
604
643
605
644
606
645
607
646
608
647
609
648
610
649
611
650
612
651
613
652
614
653
615
654
616
655
617
656
618
657
619
658
620
659
621
660
622
661
623
662
624
663
625
664
626
665
627
666
628
667
629
668
630
669
631
670
632
671
633
672
634
673
635
674
636
675
637
676
638
677
639
678
679
1400
641
680
642
681
643
682
644
683
645
684
646
685
647
686
648
687
649
688
650
689
651
690
652
691
653
692
654
693
655
694
656
695
657
696
658
697
659
698
660
699
661
700
662
701
663
702
664
703
665
704
666
705
667
706
668
707
669
708
670
709
671
710
672
711
673
712
674
713
675
714
676
715
677
716
678
717
679
718
719
1440
681
720
682
721
683
722
684
723
685
724
686
725
687
726
688
727
689
728
690
729
691
730
692
731
693
732
694
733
695
734
696
735
697
736
698
737
699
738
700
739
701
740
702
741
703
742
704
743
705
744
706
745
707
746
708
747
709
748
710
749
711
750
712
751
713
752
714
753
715
754
716
755
717
756
718
757
719
758
759
1480
721
760
722
761
723
762
724
763
725
764
726
765
727
766
728
767
729
768
730
769
731
770
732
771
733
772
734
773
735
774
736
775
737
776
738
777
739
778
740
779
741
780
742
781
743
782
744
783
745
784
746
785
747
786
748
787
749
788
750
789
751
790
752
791
753
792
754
793
755
794
756
795
757
796
758
797
759
798
799
1520
761
800
762
801
763
802
764
803
765
804
766
805
767
806
768
807
769
808
770
809
771
810
772
811
773
812
774
813
775
814
776
815
777
816
778
817
779
818
780
819
781
820
782
821
783
822
784
823
785
824
786
825
787
826
788
827
789
828
790
829
791
830
792
831
793
832
794
833
795
834
796
835
797
836
798
837
799
838
839
1560
801
840
802
841
803
842
804
843
805
844
806
845
807
846
808
847
809
848
810
849
811
850
812
851
813
852
814
853
815
854
816
855
817
856
818
857
819
858
820
859
821
860
822
861
823
862
824
863
825
864
826
865
827
866
828
867
829
868
830
869
831
870
832
871
833
872
834
873
835
874
836
875
837
876
838
877
839
878
879
1600
841
880
842
881
843
882
844
883
845
884
846
885
847
886
848
887
849
888
850
889
851
890
852
891
853
892
854
893
855
894
856
895
857
896
858
897
859
898
860
899
861
900
862
901
863
902
864
903
865
904
866
905
867
906
868
907
869
908
870
909
871
910
872
911
873
912
874
913
875
914
876
915
877
916
878
917
879
918
919
1640
881
920
882
921
883
922
884
923
885
924
886
925
887
926
888
927
889
928
890
929
891
930
892
931
893
932
894
933
895
934
896
935
897
936
898
937
899
938
900
939
901
940
902
941
903
942
904
943
905
944
906
945
907
946
908
947
909
948
910
949
911
950
912
951
913
952
914
953
915
954
916
955
917
956
918
957
919
958
959
1680
921
960
922
961
923
962
924
963
925
964
926
965
927
966
928
967
929
968
930
969
931
970
932
971
933
972
934
973
935
974
936
975
937
976
938
977
939
978
940
979
941
980
942
981
943
982
944
983
945
984
946
985
947
986
948
987
949
988
950
989
951
990
952
991
953
992
954
993
955
994
956
995
957
996
958
997
959
998
999
1720
961
1000
962
1001
963
1002
964
1003
965
1004
966
1005
967
1006
968
1007
969
1008
970
1009
971
1010
972
1011
973
1012
974
1013
975
1014
976
1015
977
1016
978
1017
979
1018
980
1019
981
1020
982
1021
983
1022
984
1023
985
1024
986
1025
987
1026
988
1027
989
1028
990
1029
991
1030
992
1031
993
1032
994
1033
995
1034
996
1035
997
1036
998
1037
999
1038
1039
1760
1001
1040
1002
1041
1003
1042
1004
1043
1005
1044
1006
1045
1007
1046
1008
1047
1009
1048
1010
1049
1011
1050
1012
1051
1013
1052
1014
1053
1015
1054
1016
1055
1017
1056
1018
1057
1019
1058
1020
1059
1021
1060
1022
1061
1023
1062
1024
1063
1025
1064
1026
1065
1027
1066
1028
1067
1029
1068
1030
1069
1031
1070
1032
1071
1033
1072
1034
1073
1035
1074
1036
1075
1037
1076
1038
1077
1039
1078
1079
1800
1041
1080
1042
1081
1043
1082
1044
1083
1045
1084
1046
1085
1047
1086
1048
1087
1049
1088
1050
1089
1051
1090
1052
1091
1053
1092
1054
1093
1055
1094
1056
1095
1057
1096
1058
1097
1059
1098
1060
1099
1061
1100
1062
1101
1063
1102
1064
1103
1065
1104
1066
1105
1067
1106
1068
1107
1069
1108
1070
1109
1071
1110
1072
1111
1073
1112
1074
1113
1075
1114
1076
1115
1077
1116
1078
1117
1079
1118
1119
1840
1081
1120
1082
1121
1083
1122
1084
1123
1085
1124
1086
1125
1087
1126
1088
1127
1089
1128
1090
1129
1091
1130
1092
1131
1093
1132
1094
1133
1095
1134
1096
1135
1097
1136
1098
1137
1099
1138
1100
1139
1101
1140
1102
1141
1103
1142
1104
1143
1105
1144
1106
1145
1107
1146
1108
1147
1109
1148
1110
1149
1111
1150
1112
1151
1113
1152
1114
1153
1115
1154
1116
1155
1117
1156
1118
1157
1119
1158
1159
1880
1121
1160
1122
1161
1123
1162
1124
1163
1125
1164
1126
1165
1127
1166
1128
1167
1129
1168
1130
1169
1131
1170
1132
1171
1133
1172
1134
1173
1135
1174
1136
1175
1137
1176
1138
1177
1139
1178
1140
1179
1141
1180
1142
1181
1143
1182
1144
1183
1145
1184
1146
1185
1147
1186
1148
1187
1149
1188
1150
1189
1151
1190
1152
1191
1153
1192
1154
1193
1155
1194
1156
1195
1157
1196
1158
1197
1159
1198
1199
1920
1161
1200
1162
1201
1163
1202
1164
1203
1165
1204
1166
1205
1167
1206
1168
1207
1169
1208
1170
1209
1171
1210
1172
1211
1173
1212
1174
1213
1175
1214
1176
1215
1177
1216
1178
1217
1179
1218
1180
1219
1181
1220
1182
1221
1183
1222
1184
1223
1185
1224
1186
1225
1187
1226
1188
1227
1189
1228
1190
1229
1191
1230
1192
1231
1193
1232
1194
1233
1195
1234
1196
1235
1197
1236
1198
1237
1199
1238
1239
1960
1201
1240
1202
1241
1203
1242
1204
1243
1205
1244
1206
1245
1207
1246
1208
1247
1209
1248
1210
1249
1211
1250
1212
1251
1213
1252
1214
1253
1215
1254
1216
1255
1217
1256
1218
1257
1219
1258
1220
1259
1221
1260
1222
1261
1223
1262
1224
1263
1225
1264
1226
1265
1227
1266
1228
1267
1229
1268
1230
1269
1231
1270
1232
1271
1233
1272
1234
1273
1235
1274
1236
1275
1237
1276
1238
1277
1239
1278
1279
2000
1241
1280
1242
1281
1243
1282
1244
1283
1245
1284
1246
1285
1247
1286
1248
1287
1249
1288
1250
1289
1251
1290
1252
1291
1253
1292
1254
1293
1255
1294
1256
1295
1257
1296
1258
1297
1259
1298
1260
1299
1261
1300
1262
1301
1263
1302
1264
1303
1265
1304
1266
1305
1267
1306
1268
1307
1269
1308
1270
1309
1271
1310
1272
1311
1273
1312
1274
1313
1275
1314
1276
1315
1277
1316
1278
1317
1279
1318
1319
2040
1281
1320
1282
1321
1283
1322
1284
1323
1285
1324
1286
1325
1287
1326
1288
1327
1289
1328
1290
1329
1291
1330
1292
1331
1293
1332
1294
1333
1295
1334
1296
1335
1297
1336
1298
1337
1299
1338
1300
1339
1301
1340
1302
1341
1303
1342
1304
1343
1305
1344
1306
1345
1307
1346
1308
1347
1309
1348
1310
1349
1311
1350
1312
1351
1313
1352
1314
1353
1315
1354
1316
1355
1317
1356
1318
1357
1319
1358
1359
2080
1321
1360
1322
1361
1323
1362
1324
1363
1325
1364
1326
1365
1327
1366
1328
1367
1329
1368
1330
1369
1331
1370
1332
1371
1333
1372
1334
1373
1335
1374
1336
1375
1337
1376
1338
1377
1339
1378
1340
1379
1341
1380
1342
1381
1343
1382
1344
1383
1345
1384
1346
1385
1347
1386
1348
1387
1349
1388
1350
1389
1351
1390
1352
1391
1353
1392
1354
1393
1355
1394
1356
1395
1357
1396
1358
1397
1359
1398
1399
2120
1361
7600
1362
7601
1363
7602
1364
7603
1365
7604
1366
7605
1367
7606
1368
7607
1369
7608
1370
7609
1371
7610
1372
7611
1373
7612
1374
7613
1375
7614
1376
7615
1377
7616
1378
7617
1379
7618
1380
7619
1381
7620
1382
7621
1383
7622
1384
7623
1385
7624
1386
7625
1387
7626
1388
7627
1389
7628
1390
7629
1391
7630
1392
7631
1393
7632
1394
7633
1395
7634
1396
7635
1397
7636
1398
7637
1399
7638
2160
7639
1401
1440
1402
1441
1403
1442
1404
1443
1405
1444
1406
1445
1407
1446
1408
1447
1409
1448
1410
1449
1411
1450
1412
1451
1413
1452
1414
1453
1415
1454
1416
1455
1417
1456
1418
1457
1419
1458
1420
1459
1421
1460
1422
1461
1423
1462
1424
1463
1425
1464
1426
1465
1427
1466
1428
1467
1429
1468
1430
1469
1431
1470
1432
1471
1433
1472
1434
1473
1435
1474
1436
1475
1437
1476
1438
1477
1439
1478
1479
2200
1441
1480
1442
1481
1443
1482
1444
1483
1445
1484
1446
1485
1447
1486
1448
1487
1449
1488
1450
1489
1451
1490
1452
1491
1453
1492
1454
1493
1455
1494
1456
1495
1457
1496
1458
1497
1459
1498
1460
1499
1461
1500
1462
1501
1463
1502
1464
1503
1465
1504
1466
1505
1467
1506
1468
1507
1469
1508
1470
1509
1471
1510
1472
1511
1473
1512
1474
1513
1475
1514
1476
1515
1477
1516
1478
1517
1479
1518
1519
2280
1481
1520
1482
1521
1483
1522
1484
1523
1485
1524
1486
1525
1487
1526
1488
1527
1489
1528
1490
1529
1491
1530
1492
1531
1493
1532
1494
1533
1495
1534
1496
1535
1497
1536
1498
1537
1499
1538
1500
1539
1501
1540
1502
1541
1503
1542
1504
1543
1505
1544
1506
1545
1507
1546
1508
1547
1509
1548
1510
1549
1511
1550
1512
1551
1513
1552
1514
1553
1515
1554
1516
1555
1517
1556
1518
1557
1519
1558
1559
2360
1521
1560
1522
1561
1523
1562
1524
1563
1525
1564
1526
1565
1527
1566
1528
1567
1529
1568
1530
1569
1531
1570
1532
1571
1533
1572
1534
1573
1535
1574
1536
1575
1537
1576
1538
1577
1539
1578
1540
1579
1541
1580
1542
1581
1543
1582
1544
1583
1545
1584
1546
1585
1547
1586
1548
1587
1549
1588
1550
1589
1551
1590
1552
1591
1553
1592
1554
1593
1555
1594
1556
1595
1557
1596
1558
1597
1559
1598
1599
2440
1561
1600
1562
1601
1563
1602
1564
1603
1565
1604
1566
1605
1567
1606
1568
1607
1569
1608
1570
1609
1571
1610
1572
1611
1573
1612
1574
1613
1575
1614
1576
1615
1577
1616
1578
1617
1579
1618
1580
1619
1581
1620
1582
1621
1583
1622
1584
1623
1585
1624
1586
1625
1587
1626
1588
1627
1589
1628
1590
1629
1591
1630
1592
1631
1593
1632
1594
1633
1595
1634
1596
1635
1597
1636
1598
1637
1599
1638
1639
2520
1601
1640
1602
1641
1603
1642
1604
1643
1605
1644
1606
1645
1607
1646
1608
1647
1609
1648
1610
1649
1611
1650
1612
1651
1613
1652
1614
1653
1615
1654
1616
1655
1617
1656
1618
1657
1619
1658
1620
1659
1621
1660
1622
1661
1623
1662
1624
1663
1625
1664
1626
1665
1627
1666
1628
1667
1629
1668
1630
1669
1631
1670
1632
1671
1633
1672
1634
1673
1635
1674
1636
1675
1637
1676
1638
1677
1639
1678
1679
2600
1641
1680
1642
1681
1643
1682
1644
1683
1645
1684
1646
1685
1647
1686
1648
1687
1649
1688
1650
1689
1651
1690
1652
1691
1653
1692
1654
1693
1655
1694
1656
1695
1657
1696
1658
1697
1659
1698
1660
1699
1661
1700
1662
1701
1663
1702
1664
1703
1665
1704
1666
1705
1667
1706
1668
1707
1669
1708
1670
1709
1671
1710
1672
1711
1673
1712
1674
1713
1675
1714
1676
1715
1677
1716
1678
1717
1679
1718
1719
2680
1681
1720
1682
1721
1683
1722
1684
1723
1685
1724
1686
1725
1687
1726
1688
1727
1689
1728
1690
1729
1691
1730
1692
1731
1693
1732
1694
1733
1695
1734
1696
1735
1697
1736
1698
1737
1699
1738
1700
1739
1701
1740
1702
1741
1703
1742
1704
1743
1705
1744
1706
1745
1707
1746
1708
1747
1709
1748
1710
1749
1711
1750
1712
1751
1713
1752
1714
1753
1715
1754
1716
1755
1717
1756
1718
1757
1719
1758
1759
2760
1721
1760
1722
1761
1723
1762
1724
1763
1725
1764
1726
1765
1727
1766
1728
1767
1729
1768
1730
1769
1731
1770
1732
1771
1733
1772
1734
1773
1735
1774
1736
1775
1737
1776
1738
1777
1739
1778
1740
1779
1741
1780
1742
1781
1743
1782
1744
1783
1745
1784
1746
1785
1747
1786
1748
1787
1749
1788
1750
1789
1751
1790
1752
1791
1753
1792
1754
1793
1755
1794
1756
1795
1757
1796
1758
1797
1759
1798
1799
2840
1761
1800
1762
1801
1763
1802
1764
1803
1765
1804
1766
1805
1767
1806
1768
1807
1769
1808
1770
1809
1771
1810
1772
1811
1773
1812
1774
1813
1775
1814
1776
1815
1777
1816
1778
1817
1779
1818
1780
1819
1781
1820
1782
1821
1783
1822
1784
1823
1785
1824
1786
1825
1787
1826
1788
1827
1789
1828
1790
1829
1791
1830
1792
1831
1793
1832
1794
1833
1795
1834
1796
1835
1797
1836
1798
1837
1799
1838
1839
2920
1801
1840
1802
1841
1803
1842
1804
1843
1805
1844
1806
1845
1807
1846
1808
1847
1809
1848
1810
1849
1811
1850
1812
1851
1813
1852
1814
1853
1815
1854
1816
1855
1817
1856
1818
1857
1819
1858
1820
1859
1821
1860
1822
1861
1823
1862
1824
1863
1825
1864
1826
1865
1827
1866
1828
1867
1829
1868
1830
1869
1831
1870
1832
1871
1833
1872
1834
1873
1835
1874
1836
1875
1837
1876
1838
1877
1839
1878
1879
3000
1841
1880
1842
1881
1843
1882
1844
1883
1845
1884
1846
1885
1847
1886
1848
1887
1849
1888
1850
1889
1851
1890
1852
1891
1853
1892
1854
1893
1855
1894
1856
1895
1857
1896
1858
1897
1859
1898
1860
1899
1861
1900
1862
1901
1863
1902
1864
1903
1865
1904
1866
1905
1867
1906
1868
1907
1869
1908
1870
1909
1871
1910
1872
1911
1873
1912
1874
1913
1875
1914
1876
1915
1877
1916
1878
1917
1879
1918
1919
3080
1881
1920
1882
1921
1883
1922
1884
1923
1885
1924
1886
1925
1887
1926
1888
1927
1889
1928
1890
1929
1891
1930
1892
1931
1893
1932
1894
1933
1895
1934
1896
1935
1897
1936
1898
1937
1899
1938
1900
1939
1901
1940
1902
1941
1903
1942
1904
1943
1905
1944
1906
1945
1907
1946
1908
1947
1909
1948
1910
1949
1911
1950
1912
1951
1913
1952
1914
1953
1915
1954
1916
1955
1917
1956
1918
1957
1919
1958
1959
3160
1921
1960
1922
1961
1923
1962
1924
1963
1925
1964
1926
1965
1927
1966
1928
1967
1929
1968
1930
1969
1931
1970
1932
1971
1933
1972
1934
1973
1935
1974
1936
1975
1937
1976
1938
1977
1939
1978
1940
1979
1941
1980
1942
1981
1943
1982
1944
1983
1945
1984
1946
1985
1947
1986
1948
1987
1949
1988
1950
1989
1951
1990
1952
1991
1953
1992
1954
1993
1955
1994
1956
1995
1957
1996
1958
1997
1959
1998
1999
3240
1961
2000
1962
2001
1963
2002
1964
2003
1965
2004
1966
2005
1967
2006
1968
2007
1969
2008
1970
2009
1971
2010
1972
2011
1973
2012
1974
2013
1975
2014
1976
2015
1977
2016
1978
2017
1979
2018
1980
2019
1981
2020
1982
2021
1983
2022
1984
2023
1985
2024
1986
2025
1987
2026
1988
2027
1989
2028
1990
2029
1991
2030
1992
2031
1993
2032
1994
2033
1995
2034
1996
2035
1997
2036
1998
2037
1999
2038
2039
3320
2001
2040
2002
2041
2003
2042
2004
2043
2005
2044
2006
2045
2007
2046
2008
2047
2009
2048
2010
2049
2011
2050
2012
2051
2013
2052
2014
2053
2015
2054
2016
2055
2017
2056
2018
2057
2019
2058
2020
2059
2021
2060
2022
2061
2023
2062
2024
2063
2025
2064
2026
2065
2027
2066
2028
2067
2029
2068
2030
2069
2031
2070
2032
2071
2033
2072
2034
2073
2035
2074
2036
2075
2037
2076
2038
2077
2039
2078
2079
3400
2041
2080
2042
2081
2043
2082
2044
2083
2045
2084
2046
2085
2047
2086
2048
2087
2049
2088
2050
2089
2051
2090
2052
2091
2053
2092
2054
2093
2055
2094
2056
2095
2057
2096
2058
2097
2059
2098
2060
2099
2061
2100
2062
2101
2063
2102
2064
2103
2065
2104
2066
2105
2067
2106
2068
2107
2069
2108
2070
2109
2071
2110
2072
2111
2073
2112
2074
2113
2075
2114
2076
2115
2077
2116
2078
2117
2079
2118
2119
3480
2081
2120
2082
2121
2083
2122
2084
2123
2085
2124
2086
2125
2087
2126
2088
2127
2089
2128
2090
2129
2091
2130
2092
2131
2093
2132
2094
2133
2095
2134
2096
2135
2097
2136
2098
2137
2099
2138
2100
2139
2101
2140
2102
2141
2103
2142
2104
2143
2105
2144
2106
2145
2107
2146
2108
2147
2109
2148
2110
2149
2111
2150
2112
2151
2113
2152
2114
2153
2115
2154
2116
2155
2117
2156
2118
2157
2119
2158
2159
3560
2121
2160
2122
2161
2123
2162
2124
2163
2125
2164
2126
2165
2127
2166
2128
2167
2129
2168
2130
2169
2131
2170
2132
2171
2133
2172
2134
2173
2135
2174
2136
2175
2137
2176
2138
2177
2139
2178
2140
2179
2141
2180
2142
2181
2143
2182
2144
2183
2145
2184
2146
2185
2147
2186
2148
2187
2149
2188
2150
2189
2151
2190
2152
2191
2153
2192
2154
2193
2155
2194
2156
2195
2157
2196
2158
2197
2159
2198
2199
3640
2161
8000
2162
8001
2163
8002
2164
8003
2165
8004
2166
8005
2167
8006
2168
8007
2169
8008
2170
8009
2171
8010
2172
8011
2173
8012
2174
8013
2175
8014
2176
8015
2177
8016
2178
8017
2179
8018
2180
8019
2181
8020
2182
8021
2183
8022
2184
8023
2185
8024
2186
8025
2187
8026
2188
8027
2189
8028
2190
8029
2191
8030
2192
8031
2193
8032
2194
8033
2195
8034
2196
8035
2197
8036
2198
8037
2199
8038
3720
8039
2201
2280
2202
2281
2203
2282
2204
2283
2205
2284
2206
2285
2207
2286
2208
2287
2209
2288
2210
2289
2211
2290
2212
2291
2213
2292
2214
2293
2215
2294
2216
2295
2217
2296
2218
2297
2219
2298
2220
2299
2221
2300
2222
2301
2223
2302
2224
2303
2225
2304
2226
2305
2227
2306
2228
2307
2229
2308
2230
2309
2231
2310
2232
2311
2233
2312
2234
2313
2235
2314
2236
2315
2237
2316
2238
2317
2239
2318
2240
2319
2241
2320
2242
2321
2243
2322
2244
2323
2245
2324
2246
2325
2247
2326
2248
2327
2249
2328
2250
2329
2251
2330
2252
2331
2253
2332
2254
2333
2255
2334
2256
2335
2257
2336
2258
2337
2259
2338
2260
2339
2261
2340
2262
2341
2263
2342
2264
2343
2265
2344
2266
2345
2267
2346
2268
2347
2269
2348
2270
2349
2271
2350
2272
2351
2273
2352
2274
2353
2275
2354
2276
2355
2277
2356
2278
2357
2279
2358
2359
2281
2360
2282
2361
2283
2362
2284
2363
2285
2364
2286
2365
2287
2366
2288
2367
2289
2368
2290
2369
2291
2370
2292
2371
2293
2372
2294
2373
2295
2374
2296
2375
2297
2376
2298
2377
2299
2378
2300
2379
2301
2380
2302
2381
2303
2382
2304
2383
2305
2384
2306
2385
2307
2386
2308
2387
2309
2388
2310
2389
2311
2390
2312
2391
2313
2392
2314
2393
2315
2394
2316
2395
2317
2396
2318
2397
2319
2398
2320
2399
2321
2400
2322
2401
2323
2402
2324
2403
2325
2404
2326
2405
2327
2406
2328
2407
2329
2408
2330
2409
2331
2410
2332
2411
2333
2412
2334
2413
2335
2414
2336
2415
2337
2416
2338
2417
2339
2418
2340
2419
2341
2420
2342
2421
2343
2422
2344
2423
2345
2424
2346
2425
2347
2426
2348
2427
2349
2428
2350
2429
2351
2430
2352
2431
2353
2432
2354
2433
2355
2434
2356
2435
2357
2436
2358
2437
2359
2438
2439
2361
2440
2362
2441
2363
2442
2364
2443
2365
2444
2366
2445
2367
2446
2368
2447
2369
2448
2370
2449
2371
2450
2372
2451
2373
2452
2374
2453
2375
2454
2376
2455
2377
2456
2378
2457
2379
2458
2380
2459
2381
2460
2382
2461
2383
2462
2384
2463
2385
2464
2386
2465
2387
2466
2388
2467
2389
2468
2390
2469
2391
2470
2392
2471
2393
2472
2394
2473
2395
2474
2396
2475
2397
2476
2398
2477
2399
2478
2400
2479
2401
2480
2402
2481
2403
2482
2404
2483
2405
2484
2406
2485
2407
2486
2408
2487
2409
2488
2410
2489
2411
2490
2412
2491
2413
2492
2414
2493
2415
2494
2416
2495
2417
2496
2418
2497
2419
2498
2420
2499
2421
2500
2422
2501
2423
2502
2424
2503
2425
2504
2426
2505
2427
2506
2428
2507
2429
2508
2430
2509
2431
2510
2432
2511
2433
2512
2434
2513
2435
2514
2436
2515
2437
2516
2438
2517
2439
2518
2519
2441
2520
2442
2521
2443
2522
2444
2523
2445
2524
2446
2525
2447
2526
2448
2527
2449
2528
2450
2529
2451
2530
2452
2531
2453
2532
2454
2533
2455
2534
2456
2535
2457
2536
2458
2537
2459
2538
2460
2539
2461
2540
2462
2541
2463
2542
2464
2543
2465
2544
2466
2545
2467
2546
2468
2547
2469
2548
2470
2549
2471
2550
2472
2551
2473
2552
2474
2553
2475
2554
2476
2555
2477
2556
2478
2557
2479
2558
2480
2559
2481
2560
2482
2561
2483
2562
2484
2563
2485
2564
2486
2565
2487
2566
2488
2567
2489
2568
2490
2569
2491
2570
2492
2571
2493
2572
2494
2573
2495
2574
2496
2575
2497
2576
2498
2577
2499
2578
2500
2579
2501
2580
2502
2581
2503
2582
2504
2583
2505
2584
2506
2585
2507
2586
2508
2587
2509
2588
2510
2589
2511
2590
2512
2591
2513
2592
2514
2593
2515
2594
2516
2595
2517
2596
2518
2597
2519
2598
2599
2521
2600
2522
2601
2523
2602
2524
2603
2525
2604
2526
2605
2527
2606
2528
2607
2529
2608
2530
2609
2531
2610
2532
2611
2533
2612
2534
2613
2535
2614
2536
2615
2537
2616
2538
2617
2539
2618
2540
2619
2541
2620
2542
2621
2543
2622
2544
2623
2545
2624
2546
2625
2547
2626
2548
2627
2549
2628
2550
2629
2551
2630
2552
2631
2553
2632
2554
2633
2555
2634
2556
2635
2557
2636
2558
2637
2559
2638
2560
2639
2561
2640
2562
2641
2563
2642
2564
2643
2565
2644
2566
2645
2567
2646
2568
2647
2569
2648
2570
2649
2571
2650
2572
2651
2573
2652
2574
2653
2575
2654
2576
2655
2577
2656
2578
2657
2579
2658
2580
2659
2581
2660
2582
2661
2583
2662
2584
2663
2585
2664
2586
2665
2587
2666
2588
2667
2589
2668
2590
2669
2591
2670
2592
2671
2593
2672
2594
2673
2595
2674
2596
2675
2597
2676
2598
2677
2599
2678
2679
2601
2680
2602
2681
2603
2682
2604
2683
2605
2684
2606
2685
2607
2686
2608
2687
2609
2688
2610
2689
2611
2690
2612
2691
2613
2692
2614
2693
2615
2694
2616
2695
2617
2696
2618
2697
2619
2698
2620
2699
2621
2700
2622
2701
2623
2702
2624
2703
2625
2704
2626
2705
2627
2706
2628
2707
2629
2708
2630
2709
2631
2710
2632
2711
2633
2712
2634
2713
2635
2714
2636
2715
2637
2716
2638
2717
2639
2718
2640
2719
2641
2720
2642
2721
2643
2722
2644
2723
2645
2724
2646
2725
2647
2726
2648
2727
2649
2728
2650
2729
2651
2730
2652
2731
2653
2732
2654
2733
2655
2734
2656
2735
2657
2736
2658
2737
2659
2738
2660
2739
2661
2740
2662
2741
2663
2742
2664
2743
2665
2744
2666
2745
2667
2746
2668
2747
2669
2748
2670
2749
2671
2750
2672
2751
2673
2752
2674
2753
2675
2754
2676
2755
2677
2756
2678
2757
2679
2758
2759
2681
2760
2682
2761
2683
2762
2684
2763
2685
2764
2686
2765
2687
2766
2688
2767
2689
2768
2690
2769
2691
2770
2692
2771
2693
2772
2694
2773
2695
2774
2696
2775
2697
2776
2698
2777
2699
2778
2700
2779
2701
2780
2702
2781
2703
2782
2704
2783
2705
2784
2706
2785
2707
2786
2708
2787
2709
2788
2710
2789
2711
2790
2712
2791
2713
2792
2714
2793
2715
2794
2716
2795
2717
2796
2718
2797
2719
2798
2720
2799
2721
2800
2722
2801
2723
2802
2724
2803
2725
2804
2726
2805
2727
2806
2728
2807
2729
2808
2730
2809
2731
2810
2732
2811
2733
2812
2734
2813
2735
2814
2736
2815
2737
2816
2738
2817
2739
2818
2740
2819
2741
2820
2742
2821
2743
2822
2744
2823
2745
2824
2746
2825
2747
2826
2748
2827
2749
2828
2750
2829
2751
2830
2752
2831
2753
2832
2754
2833
2755
2834
2756
2835
2757
2836
2758
2837
2759
2838
2839
2761
2840
2762
2841
2763
2842
2764
2843
2765
2844
2766
2845
2767
2846
2768
2847
2769
2848
2770
2849
2771
2850
2772
2851
2773
2852
2774
2853
2775
2854
2776
2855
2777
2856
2778
2857
2779
2858
2780
2859
2781
2860
2782
2861
2783
2862
2784
2863
2785
2864
2786
2865
2787
2866
2788
2867
2789
2868
2790
2869
2791
2870
2792
2871
2793
2872
2794
2873
2795
2874
2796
2875
2797
2876
2798
2877
2799
2878
2800
2879
2801
2880
2802
2881
2803
2882
2804
2883
2805
2884
2806
2885
2807
2886
2808
2887
2809
2888
2810
2889
2811
2890
2812
2891
2813
2892
2814
2893
2815
2894
2816
2895
2817
2896
2818
2897
2819
2898
2820
2899
2821
2900
2822
2901
2823
2902
2824
2903
2825
2904
2826
2905
2827
2906
2828
2907
2829
2908
2830
2909
2831
2910
2832
2911
2833
2912
2834
2913
2835
2914
2836
2915
2837
2916
2838
2917
2839
2918
2919
2841
2920
2842
2921
2843
2922
2844
2923
2845
2924
2846
2925
2847
2926
2848
2927
2849
2928
2850
2929
2851
2930
2852
2931
2853
2932
2854
2933
2855
2934
2856
2935
2857
2936
2858
2937
2859
2938
2860
2939
2861
2940
2862
2941
2863
2942
2864
2943
2865
2944
2866
2945
2867
2946
2868
2947
2869
2948
2870
2949
2871
2950
2872
2951
2873
2952
2874
2953
2875
2954
2876
2955
2877
2956
2878
2957
2879
2958
2880
2959
2881
2960
2882
2961
2883
2962
2884
2963
2885
2964
2886
2965
2887
2966
2888
2967
2889
2968
2890
2969
2891
2970
2892
2971
2893
2972
2894
2973
2895
2974
2896
2975
2897
2976
2898
2977
2899
2978
2900
2979
2901
2980
2902
2981
2903
2982
2904
2983
2905
2984
2906
2985
2907
2986
2908
2987
2909
2988
2910
2989
2911
2990
2912
2991
2913
2992
2914
2993
2915
2994
2916
2995
2917
2996
2918
2997
2919
2998
2999
2921
3000
2922
3001
2923
3002
2924
3003
2925
3004
2926
3005
2927
3006
2928
3007
2929
3008
2930
3009
2931
3010
2932
3011
2933
3012
2934
3013
2935
3014
2936
3015
2937
3016
2938
3017
2939
3018
2940
3019
2941
3020
2942
3021
2943
3022
2944
3023
2945
3024
2946
3025
2947
3026
2948
3027
2949
3028
2950
3029
2951
3030
2952
3031
2953
3032
2954
3033
2955
3034
2956
3035
2957
3036
2958
3037
2959
3038
2960
3039
2961
3040
2962
3041
2963
3042
2964
3043
2965
3044
2966
3045
2967
3046
2968
3047
2969
3048
2970
3049
2971
3050
2972
3051
2973
3052
2974
3053
2975
3054
2976
3055
2977
3056
2978
3057
2979
3058
2980
3059
2981
3060
2982
3061
2983
3062
2984
3063
2985
3064
2986
3065
2987
3066
2988
3067
2989
3068
2990
3069
2991
3070
2992
3071
2993
3072
2994
3073
2995
3074
2996
3075
2997
3076
2998
3077
2999
3078
3079
3001
3080
3002
3081
3003
3082
3004
3083
3005
3084
3006
3085
3007
3086
3008
3087
3009
3088
3010
3089
3011
3090
3012
3091
3013
3092
3014
3093
3015
3094
3016
3095
3017
3096
3018
3097
3019
3098
3020
3099
3021
3100
3022
3101
3023
3102
3024
3103
3025
3104
3026
3105
3027
3106
3028
3107
3029
3108
3030
3109
3031
3110
3032
3111
3033
3112
3034
3113
3035
3114
3036
3115
3037
3116
3038
3117
3039
3118
3040
3119
3041
3120
3042
3121
3043
3122
3044
3123
3045
3124
3046
3125
3047
3126
3048
3127
3049
3128
3050
3129
3051
3130
3052
3131
3053
3132
3054
3133
3055
3134
3056
3135
3057
3136
3058
3137
3059
3138
3060
3139
3061
3140
3062
3141
3063
3142
3064
3143
3065
3144
3066
3145
3067
3146
3068
3147
3069
3148
3070
3149
3071
3150
3072
3151
3073
3152
3074
3153
3075
3154
3076
3155
3077
3156
3078
3157
3079
3158
3159
3081
3160
3082
3161
3083
3162
3084
3163
3085
3164
3086
3165
3087
3166
3088
3167
3089
3168
3090
3169
3091
3170
3092
3171
3093
3172
3094
3173
3095
3174
3096
3175
3097
3176
3098
3177
3099
3178
3100
3179
3101
3180
3102
3181
3103
3182
3104
3183
3105
3184
3106
3185
3107
3186
3108
3187
3109
3188
3110
3189
3111
3190
3112
3191
3113
3192
3114
3193
3115
3194
3116
3195
3117
3196
3118
3197
3119
3198
3120
3199
3121
3200
3122
3201
3123
3202
3124
3203
3125
3204
3126
3205
3127
3206
3128
3207
3129
3208
3130
3209
3131
3210
3132
3211
3133
3212
3134
3213
3135
3214
3136
3215
3137
3216
3138
3217
3139
3218
3140
3219
3141
3220
3142
3221
3143
3222
3144
3223
3145
3224
3146
3225
3147
3226
3148
3227
3149
3228
3150
3229
3151
3230
3152
3231
3153
3232
3154
3233
3155
3234
3156
3235
3157
3236
3158
3237
3159
3238
3239
3161
3240
3162
3241
3163
3242
3164
3243
3165
3244
3166
3245
3167
3246
3168
3247
3169
3248
3170
3249
3171
3250
3172
3251
3173
3252
3174
3253
3175
3254
3176
3255
3177
3256
3178
3257
3179
3258
3180
3259
3181
3260
3182
3261
3183
3262
3184
3263
3185
3264
3186
3265
3187
3266
3188
3267
3189
3268
3190
3269
3191
3270
3192
3271
3193
3272
3194
3273
3195
3274
3196
3275
3197
3276
3198
3277
3199
3278
3200
3279
3201
3280
3202
3281
3203
3282
3204
3283
3205
3284
3206
3285
3207
3286
3208
3287
3209
3288
3210
3289
3211
3290
3212
3291
3213
3292
3214
3293
3215
3294
3216
3295
3217
3296
3218
3297
3219
3298
3220
3299
3221
3300
3222
3301
3223
3302
3224
3303
3225
3304
3226
3305
3227
3306
3228
3307
3229
3308
3230
3309
3231
3310
3232
3311
3233
3312
3234
3313
3235
3314
3236
3315
3237
3316
3238
3317
3239
3318
3319
3241
3320
3242
3321
3243
3322
3244
3323
3245
3324
3246
3325
3247
3326
3248
3327
3249
3328
3250
3329
3251
3330
3252
3331
3253
3332
3254
3333
3255
3334
3256
3335
3257
3336
3258
3337
3259
3338
3260
3339
3261
3340
3262
3341
3263
3342
3264
3343
3265
3344
3266
3345
3267
3346
3268
3347
3269
3348
3270
3349
3271
3350
3272
3351
3273
3352
3274
3353
3275
3354
3276
3355
3277
3356
3278
3357
3279
3358
3280
3359
3281
3360
3282
3361
3283
3362
3284
3363
3285
3364
3286
3365
3287
3366
3288
3367
3289
3368
3290
3369
3291
3370
3292
3371
3293
3372
3294
3373
3295
3374
3296
3375
3297
3376
3298
3377
3299
3378
3300
3379
3301
3380
3302
3381
3303
3382
3304
3383
3305
3384
3306
3385
3307
3386
3308
3387
3309
3388
3310
3389
3311
3390
3312
3391
3313
3392
3314
3393
3315
3394
3316
3395
3317
3396
3318
3397
3319
3398
3399
3321
3400
3322
3401
3323
3402
3324
3403
3325
3404
3326
3405
3327
3406
3328
3407
3329
3408
3330
3409
3331
3410
3332
3411
3333
3412
3334
3413
3335
3414
3336
3415
3337
3416
3338
3417
3339
3418
3340
3419
3341
3420
3342
3421
3343
3422
3344
3423
3345
3424
3346
3425
3347
3426
3348
3427
3349
3428
3350
3429
3351
3430
3352
3431
3353
3432
3354
3433
3355
3434
3356
3435
3357
3436
3358
3437
3359
3438
3360
3439
3361
3440
3362
3441
3363
3442
3364
3443
3365
3444
3366
3445
3367
3446
3368
3447
3369
3448
3370
3449
3371
3450
3372
3451
3373
3452
3374
3453
3375
3454
3376
3455
3377
3456
3378
3457
3379
3458
3380
3459
3381
3460
3382
3461
3383
3462
3384
3463
3385
3464
3386
3465
3387
3466
3388
3467
3389
3468
3390
3469
3391
3470
3392
3471
3393
3472
3394
3473
3395
3474
3396
3475
3397
3476
3398
3477
3399
3478
3479
3401
3480
3402
3481
3403
3482
3404
3483
3405
3484
3406
3485
3407
3486
3408
3487
3409
3488
3410
3489
3411
3490
3412
3491
3413
3492
3414
3493
3415
3494
3416
3495
3417
3496
3418
3497
3419
3498
3420
3499
3421
3500
3422
3501
3423
3502
3424
3503
3425
3504
3426
3505
3427
3506
3428
3507
3429
3508
3430
3509
3431
3510
3432
3511
3433
3512
3434
3513
3435
3514
3436
3515
3437
3516
3438
3517
3439
3518
3440
3519
3441
3520
3442
3521
3443
3522
3444
3523
3445
3524
3446
3525
3447
3526
3448
3527
3449
3528
3450
3529
3451
3530
3452
3531
3453
3532
3454
3533
3455
3534
3456
3535
3457
3536
3458
3537
3459
3538
3460
3539
3461
3540
3462
3541
3463
3542
3464
3543
3465
3544
3466
3545
3467
3546
3468
3547
3469
3548
3470
3549
3471
3550
3472
3551
3473
3552
3474
3553
3475
3554
3476
3555
3477
3556
3478
3557
3479
3558
3559
3481
3560
3482
3561
3483
3562
3484
3563
3485
3564
3486
3565
3487
3566
3488
3567
3489
3568
3490
3569
3491
3570
3492
3571
3493
3572
3494
3573
3495
3574
3496
3575
3497
3576
3498
3577
3499
3578
3500
3579
3501
3580
3502
3581
3503
3582
3504
3583
3505
3584
3506
3585
3507
3586
3508
3587
3509
3588
3510
3589
3511
3590
3512
3591
3513
3592
3514
3593
3515
3594
3516
3595
3517
3596
3518
3597
3519
3598
3520
3599
3521
3600
3522
3601
3523
3602
3524
3603
3525
3604
3526
3605
3527
3606
3528
3607
3529
3608
3530
3609
3531
3610
3532
3611
3533
3612
3534
3613
3535
3614
3536
3615
3537
3616
3538
3617
3539
3618
3540
3619
3541
3620
3542
3621
3543
3622
3544
3623
3545
3624
3546
3625
3547
3626
3548
3627
3549
3628
3550
3629
3551
3630
3552
3631
3553
3632
3554
3633
3555
3634
3556
3635
3557
3636
3558
3637
3559
3638
3639
3561
3640
3562
3641
3563
3642
3564
3643
3565
3644
3566
3645
3567
3646
3568
3647
3569
3648
3570
3649
3571
3650
3572
3651
3573
3652
3574
3653
3575
3654
3576
3655
3577
3656
3578
3657
3579
3658
3580
3659
3581
3660
3582
3661
3583
3662
3584
3663
3585
3664
3586
3665
3587
3666
3588
3667
3589
3668
3590
3669
3591
3670
3592
3671
3593
3672
3594
3673
3595
3674
3596
3675
3597
3676
3598
3677
3599
3678
3600
3679
3601
3680
3602
3681
3603
3682
3604
3683
3605
3684
3606
3685
3607
3686
3608
3687
3609
3688
3610
3689
3611
3690
3612
3691
3613
3692
3614
3693
3615
3694
3616
3695
3617
3696
3618
3697
3619
3698
3620
3699
3621
3700
3622
3701
3623
3702
3624
3703
3625
3704
3626
3705
3627
3706
3628
3707
3629
3708
3630
3709
3631
3710
3632
3711
3633
3712
3634
3713
3635
3714
3636
3715
3637
3716
3638
3717
3639
3718
3719
3641
3720
3642
3721
3643
3722
3644
3723
3645
3724
3646
3725
3647
3726
3648
3727
3649
3728
3650
3729
3651
3730
3652
3731
3653
3732
3654
3733
3655
3734
3656
3735
3657
3736
3658
3737
3659
3738
3660
3739
3661
3740
3662
3741
3663
3742
3664
3743
3665
3744
3666
3745
3667
3746
3668
3747
3669
3748
3670
3749
3671
3750
3672
3751
3673
3752
3674
3753
3675
3754
3676
3755
3677
3756
3678
3757
3679
3758
3680
3759
3681
3760
3682
3761
3683
3762
3684
3763
3685
3764
3686
3765
3687
3766
3688
3767
3689
3768
3690
3769
3691
3770
3692
3771
3693
3772
3694
3773
3695
3774
3696
3775
3697
3776
3698
3777
3699
3778
3700
3779
3701
3780
3702
3781
3703
3782
3704
3783
3705
3784
3706
3785
3707
3786
3708
3787
3709
3788
3710
3789
3711
3790
3712
3791
3713
3792
3714
3793
3715
3794
3716
3795
3717
3796
3718
3797
3719
3798
3799
3721
3800
3722
3801
3723
3802
3724
3803
3725
3804
3726
3805
3727
3806
3728
3807
3729
3808
3730
3809
3731
3810
3732
3811
3733
3812
3734
3813
3735
3814
3736
3815
3737
3816
3738
3817
3739
3818
3740
3819
3741
3820
3742
3821
3743
3822
3744
3823
3745
3824
3746
3825
3747
3826
3748
3827
3749
3828
3750
3829
3751
3830
3752
3831
3753
3832
3754
3833
3755
3834
3756
3835
3757
3836
3758
3837
3759
3838
3760
3839
3761
3840
3762
3841
3763
3842
3764
3843
3765
3844
3766
3845
3767
3846
3768
3847
3769
3848
3770
3849
3771
3850
3772
3851
3773
3852
3774
3853
3775
3854
3776
3855
3777
3856
3778
3857
3779
3858
3780
3859
3781
3860
3782
3861
3783
3862
3784
3863
3785
3864
3786
3865
3787
3866
3788
3867
3789
3868
3790
3869
3791
3870
3792
3871
3793
3872
3794
3873
3795
3874
3796
3875
3797
3876
3798
3877
3799
3878
3879
3801
3880
5439
3802
3881
3803
3882
3804
3883
3805
3884
3806
3885
3807
3886
3808
3887
3809
3888
3810
3889
3811
3890
3812
3891
3813
3892
3814
3893
3815
3894
3816
3895
3817
3896
3818
3897
3819
3898
3820
3899
3821
3900
3822
3901
3823
3902
3824
3903
3825
3904
3826
3905
3827
3906
3828
3907
3829
3908
3830
3909
3831
3910
3832
3911
3833
3912
3834
3913
3835
3914
3836
3915
3837
3916
3838
3917
3839
3918
3840
3919
3841
3920
3842
3921
3843
3922
3844
3923
3845
3924
3846
3925
3847
3926
3848
3927
3849
3928
3850
3929
3851
3930
3852
3931
3853
3932
3854
3933
3855
3934
3856
3935
3857
3936
3858
3937
3859
3938
3860
3939
3861
3940
3862
3941
3863
3942
3864
3943
3865
3944
3866
3945
3867
3946
3868
3947
3869
3948
3870
3949
3871
3950
3872
3951
3873
3952
3874
3953
3875
3954
3876
3955
3877
3956
3878
3957
3879
3958
3959
3881
3960
5479
3882
3961
3883
3962
3884
3963
3885
3964
3886
3965
3887
3966
3888
3967
3889
3968
3890
3969
3891
3970
3892
3971
3893
3972
3894
3973
3895
3974
3896
3975
3897
3976
3898
3977
3899
3978
3900
3979
3901
3980
3902
3981
3903
3982
3904
3983
3905
3984
3906
3985
3907
3986
3908
3987
3909
3988
3910
3989
3911
3990
3912
3991
3913
3992
3914
3993
3915
3994
3916
3995
3917
3996
3918
3997
3919
3998
3920
3999
3921
4000
3922
4001
3923
4002
3924
4003
3925
4004
3926
4005
3927
4006
3928
4007
3929
4008
3930
4009
3931
4010
3932
4011
3933
4012
3934
4013
3935
4014
3936
4015
3937
4016
3938
4017
3939
4018
3940
4019
3941
4020
3942
4021
3943
4022
3944
4023
3945
4024
3946
4025
3947
4026
3948
4027
3949
4028
3950
4029
3951
4030
3952
4031
3953
4032
3954
4033
3955
4034
3956
4035
3957
4036
3958
4037
3959
4038
4039
3961
4040
5519
3962
4041
3963
4042
3964
4043
3965
4044
3966
4045
3967
4046
3968
4047
3969
4048
3970
4049
3971
4050
3972
4051
3973
4052
3974
4053
3975
4054
3976
4055
3977
4056
3978
4057
3979
4058
3980
4059
3981
4060
3982
4061
3983
4062
3984
4063
3985
4064
3986
4065
3987
4066
3988
4067
3989
4068
3990
4069
3991
4070
3992
4071
3993
4072
3994
4073
3995
4074
3996
4075
3997
4076
3998
4077
3999
4078
4000
4079
4001
4080
4002
4081
4003
4082
4004
4083
4005
4084
4006
4085
4007
4086
4008
4087
4009
4088
4010
4089
4011
4090
4012
4091
4013
4092
4014
4093
4015
4094
4016
4095
4017
4096
4018
4097
4019
4098
4020
4099
4021
4100
4022
4101
4023
4102
4024
4103
4025
4104
4026
4105
4027
4106
4028
4107
4029
4108
4030
4109
4031
4110
4032
4111
4033
4112
4034
4113
4035
4114
4036
4115
4037
4116
4038
4117
4039
4118
4119
4041
4120
5559
4042
4121
4043
4122
4044
4123
4045
4124
4046
4125
4047
4126
4048
4127
4049
4128
4050
4129
4051
4130
4052
4131
4053
4132
4054
4133
4055
4134
4056
4135
4057
4136
4058
4137
4059
4138
4060
4139
4061
4140
4062
4141
4063
4142
4064
4143
4065
4144
4066
4145
4067
4146
4068
4147
4069
4148
4070
4149
4071
4150
4072
4151
4073
4152
4074
4153
4075
4154
4076
4155
4077
4156
4078
4157
4079
4158
4080
4159
4081
4160
4082
4161
4083
4162
4084
4163
4085
4164
4086
4165
4087
4166
4088
4167
4089
4168
4090
4169
4091
4170
4092
4171
4093
4172
4094
4173
4095
4174
4096
4175
4097
4176
4098
4177
4099
4178
4100
4179
4101
4180
4102
4181
4103
4182
4104
4183
4105
4184
4106
4185
4107
4186
4108
4187
4109
4188
4110
4189
4111
4190
4112
4191
4113
4192
4114
4193
4115
4194
4116
4195
4117
4196
4118
4197
4119
4198
4199
4121
4200
5599
4122
4201
4123
4202
4124
4203
4125
4204
4126
4205
4127
4206
4128
4207
4129
4208
4130
4209
4131
4210
4132
4211
4133
4212
4134
4213
4135
4214
4136
4215
4137
4216
4138
4217
4139
4218
4140
4219
4141
4220
4142
4221
4143
4222
4144
4223
4145
4224
4146
4225
4147
4226
4148
4227
4149
4228
4150
4229
4151
4230
4152
4231
4153
4232
4154
4233
4155
4234
4156
4235
4157
4236
4158
4237
4159
4238
4160
4239
4161
4240
4162
4241
4163
4242
4164
4243
4165
4244
4166
4245
4167
4246
4168
4247
4169
4248
4170
4249
4171
4250
4172
4251
4173
4252
4174
4253
4175
4254
4176
4255
4177
4256
4178
4257
4179
4258
4180
4259
4181
4260
4182
4261
4183
4262
4184
4263
4185
4264
4186
4265
4187
4266
4188
4267
4189
4268
4190
4269
4191
4270
4192
4271
4193
4272
4194
4273
4195
4274
4196
4275
4197
4276
4198
4277
4199
4278
4279
4201
4280
5639
4202
4281
4203
4282
4204
4283
4205
4284
4206
4285
4207
4286
4208
4287
4209
4288
4210
4289
4211
4290
4212
4291
4213
4292
4214
4293
4215
4294
4216
4295
4217
4296
4218
4297
4219
4298
4220
4299
4221
4300
4222
4301
4223
4302
4224
4303
4225
4304
4226
4305
4227
4306
4228
4307
4229
4308
4230
4309
4231
4310
4232
4311
4233
4312
4234
4313
4235
4314
4236
4315
4237
4316
4238
4317
4239
4318
4240
4319
4241
4320
4242
4321
4243
4322
4244
4323
4245
4324
4246
4325
4247
4326
4248
4327
4249
4328
4250
4329
4251
4330
4252
4331
4253
4332
4254
4333
4255
4334
4256
4335
4257
4336
4258
4337
4259
4338
4260
4339
4261
4340
4262
4341
4263
4342
4264
4343
4265
4344
4266
4345
4267
4346
4268
4347
4269
4348
4270
4349
4271
4350
4272
4351
4273
4352
4274
4353
4275
4354
4276
4355
4277
4356
4278
4357
4279
4358
4359
4281
4360
5679
4282
4361
4283
4362
4284
4363
4285
4364
4286
4365
4287
4366
4288
4367
4289
4368
4290
4369
4291
4370
4292
4371
4293
4372
4294
4373
4295
4374
4296
4375
4297
4376
4298
4377
4299
4378
4300
4379
4301
4380
4302
4381
4303
4382
4304
4383
4305
4384
4306
4385
4307
4386
4308
4387
4309
4388
4310
4389
4311
4390
4312
4391
4313
4392
4314
4393
4315
4394
4316
4395
4317
4396
4318
4397
4319
4398
4320
4399
4321
4400
4322
4401
4323
4402
4324
4403
4325
4404
4326
4405
4327
4406
4328
4407
4329
4408
4330
4409
4331
4410
4332
4411
4333
4412
4334
4413
4335
4414
4336
4415
4337
4416
4338
4417
4339
4418
4340
4419
4341
4420
4342
4421
4343
4422
4344
4423
4345
4424
4346
4425
4347
4426
4348
4427
4349
4428
4350
4429
4351
4430
4352
4431
4353
4432
4354
4433
4355
4434
4356
4435
4357
4436
4358
4437
4359
4438
4439
4361
4440
5719
4362
4441
4363
4442
4364
4443
4365
4444
4366
4445
4367
4446
4368
4447
4369
4448
4370
4449
4371
4450
4372
4451
4373
4452
4374
4453
4375
4454
4376
4455
4377
4456
4378
4457
4379
4458
4380
4459
4381
4460
4382
4461
4383
4462
4384
4463
4385
4464
4386
4465
4387
4466
4388
4467
4389
4468
4390
4469
4391
4470
4392
4471
4393
4472
4394
4473
4395
4474
4396
4475
4397
4476
4398
4477
4399
4478
4400
4479
4401
4480
4402
4481
4403
4482
4404
4483
4405
4484
4406
4485
4407
4486
4408
4487
4409
4488
4410
4489
4411
4490
4412
4491
4413
4492
4414
4493
4415
4494
4416
4495
4417
4496
4418
4497
4419
4498
4420
4499
4421
4500
4422
4501
4423
4502
4424
4503
4425
4504
4426
4505
4427
4506
4428
4507
4429
4508
4430
4509
4431
4510
4432
4511
4433
4512
4434
4513
4435
4514
4436
4515
4437
4516
4438
4517
4439
4518
4519
4441
4520
5759
4442
4521
4443
4522
4444
4523
4445
4524
4446
4525
4447
4526
4448
4527
4449
4528
4450
4529
4451
4530
4452
4531
4453
4532
4454
4533
4455
4534
4456
4535
4457
4536
4458
4537
4459
4538
4460
4539
4461
4540
4462
4541
4463
4542
4464
4543
4465
4544
4466
4545
4467
4546
4468
4547
4469
4548
4470
4549
4471
4550
4472
4551
4473
4552
4474
4553
4475
4554
4476
4555
4477
4556
4478
4557
4479
4558
4480
4559
4481
4560
4482
4561
4483
4562
4484
4563
4485
4564
4486
4565
4487
4566
4488
4567
4489
4568
4490
4569
4491
4570
4492
4571
4493
4572
4494
4573
4495
4574
4496
4575
4497
4576
4498
4577
4499
4578
4500
4579
4501
4580
4502
4581
4503
4582
4504
4583
4505
4584
4506
4585
4507
4586
4508
4587
4509
4588
4510
4589
4511
4590
4512
4591
4513
4592
4514
4593
4515
4594
4516
4595
4517
4596
4518
4597
4519
4598
4599
4521
4600
5799
4522
4601
4523
4602
4524
4603
4525
4604
4526
4605
4527
4606
4528
4607
4529
4608
4530
4609
4531
4610
4532
4611
4533
4612
4534
4613
4535
4614
4536
4615
4537
4616
4538
4617
4539
4618
4540
4619
4541
4620
4542
4621
4543
4622
4544
4623
4545
4624
4546
4625
4547
4626
4548
4627
4549
4628
4550
4629
4551
4630
4552
4631
4553
4632
4554
4633
4555
4634
4556
4635
4557
4636
4558
4637
4559
4638
4560
4639
4561
4640
4562
4641
4563
4642
4564
4643
4565
4644
4566
4645
4567
4646
4568
4647
4569
4648
4570
4649
4571
4650
4572
4651
4573
4652
4574
4653
4575
4654
4576
4655
4577
4656
4578
4657
4579
4658
4580
4659
4581
4660
4582
4661
4583
4662
4584
4663
4585
4664
4586
4665
4587
4666
4588
4667
4589
4668
4590
4669
4591
4670
4592
4671
4593
4672
4594
4673
4595
4674
4596
4675
4597
4676
4598
4677
4599
4678
4679
4601
4680
5839
4602
4681
4603
4682
4604
4683
4605
4684
4606
4685
4607
4686
4608
4687
4609
4688
4610
4689
4611
4690
4612
4691
4613
4692
4614
4693
4615
4694
4616
4695
4617
4696
4618
4697
4619
4698
4620
4699
4621
4700
4622
4701
4623
4702
4624
4703
4625
4704
4626
4705
4627
4706
4628
4707
4629
4708
4630
4709
4631
4710
4632
4711
4633
4712
4634
4713
4635
4714
4636
4715
4637
4716
4638
4717
4639
4718
4640
4719
4641
4720
4642
4721
4643
4722
4644
4723
4645
4724
4646
4725
4647
4726
4648
4727
4649
4728
4650
4729
4651
4730
4652
4731
4653
4732
4654
4733
4655
4734
4656
4735
4657
4736
4658
4737
4659
4738
4660
4739
4661
4740
4662
4741
4663
4742
4664
4743
4665
4744
4666
4745
4667
4746
4668
4747
4669
4748
4670
4749
4671
4750
4672
4751
4673
4752
4674
4753
4675
4754
4676
4755
4677
4756
4678
4757
4679
4758
4759
4681
4760
5879
4682
4761
4683
4762
4684
4763
4685
4764
4686
4765
4687
4766
4688
4767
4689
4768
4690
4769
4691
4770
4692
4771
4693
4772
4694
4773
4695
4774
4696
4775
4697
4776
4698
4777
4699
4778
4700
4779
4701
4780
4702
4781
4703
4782
4704
4783
4705
4784
4706
4785
4707
4786
4708
4787
4709
4788
4710
4789
4711
4790
4712
4791
4713
4792
4714
4793
4715
4794
4716
4795
4717
4796
4718
4797
4719
4798
4720
4799
4721
4800
4722
4801
4723
4802
4724
4803
4725
4804
4726
4805
4727
4806
4728
4807
4729
4808
4730
4809
4731
4810
4732
4811
4733
4812
4734
4813
4735
4814
4736
4815
4737
4816
4738
4817
4739
4818
4740
4819
4741
4820
4742
4821
4743
4822
4744
4823
4745
4824
4746
4825
4747
4826
4748
4827
4749
4828
4750
4829
4751
4830
4752
4831
4753
4832
4754
4833
4755
4834
4756
4835
4757
4836
4758
4837
4759
4838
4839
4761
4840
5919
4762
4841
4763
4842
4764
4843
4765
4844
4766
4845
4767
4846
4768
4847
4769
4848
4770
4849
4771
4850
4772
4851
4773
4852
4774
4853
4775
4854
4776
4855
4777
4856
4778
4857
4779
4858
4780
4859
4781
4860
4782
4861
4783
4862
4784
4863
4785
4864
4786
4865
4787
4866
4788
4867
4789
4868
4790
4869
4791
4870
4792
4871
4793
4872
4794
4873
4795
4874
4796
4875
4797
4876
4798
4877
4799
4878
4800
4879
4801
4880
4802
4881
4803
4882
4804
4883
4805
4884
4806
4885
4807
4886
4808
4887
4809
4888
4810
4889
4811
4890
4812
4891
4813
4892
4814
4893
4815
4894
4816
4895
4817
4896
4818
4897
4819
4898
4820
4899
4821
4900
4822
4901
4823
4902
4824
4903
4825
4904
4826
4905
4827
4906
4828
4907
4829
4908
4830
4909
4831
4910
4832
4911
4833
4912
4834
4913
4835
4914
4836
4915
4837
4916
4838
4917
4839
4918
4919
4841
4920
5959
4842
4921
4843
4922
4844
4923
4845
4924
4846
4925
4847
4926
4848
4927
4849
4928
4850
4929
4851
4930
4852
4931
4853
4932
4854
4933
4855
4934
4856
4935
4857
4936
4858
4937
4859
4938
4860
4939
4861
4940
4862
4941
4863
4942
4864
4943
4865
4944
4866
4945
4867
4946
4868
4947
4869
4948
4870
4949
4871
4950
4872
4951
4873
4952
4874
4953
4875
4954
4876
4955
4877
4956
4878
4957
4879
4958
4880
4959
4881
4960
4882
4961
4883
4962
4884
4963
4885
4964
4886
4965
4887
4966
4888
4967
4889
4968
4890
4969
4891
4970
4892
4971
4893
4972
4894
4973
4895
4974
4896
4975
4897
4976
4898
4977
4899
4978
4900
4979
4901
4980
4902
4981
4903
4982
4904
4983
4905
4984
4906
4985
4907
4986
4908
4987
4909
4988
4910
4989
4911
4990
4912
4991
4913
4992
4914
4993
4915
4994
4916
4995
4917
4996
4918
4997
4919
4998
4999
4921
5000
5999
4922
5001
4923
5002
4924
5003
4925
5004
4926
5005
4927
5006
4928
5007
4929
5008
4930
5009
4931
5010
4932
5011
4933
5012
4934
5013
4935
5014
4936
5015
4937
5016
4938
5017
4939
5018
4940
5019
4941
5020
4942
5021
4943
5022
4944
5023
4945
5024
4946
5025
4947
5026
4948
5027
4949
5028
4950
5029
4951
5030
4952
5031
4953
5032
4954
5033
4955
5034
4956
5035
4957
5036
4958
5037
4959
5038
4960
5039
4961
5040
4962
5041
4963
5042
4964
5043
4965
5044
4966
5045
4967
5046
4968
5047
4969
5048
4970
5049
4971
5050
4972
5051
4973
5052
4974
5053
4975
5054
4976
5055
4977
5056
4978
5057
4979
5058
4980
5059
4981
5060
4982
5061
4983
5062
4984
5063
4985
5064
4986
5065
4987
5066
4988
5067
4989
5068
4990
5069
4991
5070
4992
5071
4993
5072
4994
5073
4995
5074
4996
5075
4997
5076
4998
5077
4999
5078
5079
5001
5080
6039
5002
5081
5003
5082
5004
5083
5005
5084
5006
5085
5007
5086
5008
5087
5009
5088
5010
5089
5011
5090
5012
5091
5013
5092
5014
5093
5015
5094
5016
5095
5017
5096
5018
5097
5019
5098
5020
5099
5021
5100
5022
5101
5023
5102
5024
5103
5025
5104
5026
5105
5027
5106
5028
5107
5029
5108
5030
5109
5031
5110
5032
5111
5033
5112
5034
5113
5035
5114
5036
5115
5037
5116
5038
5117
5039
5118
5040
5119
5041
5120
5042
5121
5043
5122
5044
5123
5045
5124
5046
5125
5047
5126
5048
5127
5049
5128
5050
5129
5051
5130
5052
5131
5053
5132
5054
5133
5055
5134
5056
5135
5057
5136
5058
5137
5059
5138
5060
5139
5061
5140
5062
5141
5063
5142
5064
5143
5065
5144
5066
5145
5067
5146
5068
5147
5069
5148
5070
5149
5071
5150
5072
5151
5073
5152
5074
5153
5075
5154
5076
5155
5077
5156
5078
5157
5079
5158
5159
5081
5160
6079
5082
5161
5083
5162
5084
5163
5085
5164
5086
5165
5087
5166
5088
5167
5089
5168
5090
5169
5091
5170
5092
5171
5093
5172
5094
5173
5095
5174
5096
5175
5097
5176
5098
5177
5099
5178
5100
5179
5101
5180
5102
5181
5103
5182
5104
5183
5105
5184
5106
5185
5107
5186
5108
5187
5109
5188
5110
5189
5111
5190
5112
5191
5113
5192
5114
5193
5115
5194
5116
5195
5117
5196
5118
5197
5119
5198
5120
5199
5121
5200
5122
5201
5123
5202
5124
5203
5125
5204
5126
5205
5127
5206
5128
5207
5129
5208
5130
5209
5131
5210
5132
5211
5133
5212
5134
5213
5135
5214
5136
5215
5137
5216
5138
5217
5139
5218
5140
5219
5141
5220
5142
5221
5143
5222
5144
5223
5145
5224
5146
5225
5147
5226
5148
5227
5149
5228
5150
5229
5151
5230
5152
5231
5153
5232
5154
5233
5155
5234
5156
5235
5157
5236
5158
5237
5159
5238
5239
5161
5240
6119
5162
5241
5163
5242
5164
5243
5165
5244
5166
5245
5167
5246
5168
5247
5169
5248
5170
5249
5171
5250
5172
5251
5173
5252
5174
5253
5175
5254
5176
5255
5177
5256
5178
5257
5179
5258
5180
5259
5181
5260
5182
5261
5183
5262
5184
5263
5185
5264
5186
5265
5187
5266
5188
5267
5189
5268
5190
5269
5191
5270
5192
5271
5193
5272
5194
5273
5195
5274
5196
5275
5197
5276
5198
5277
5199
5278
5200
5279
5201
5280
5202
5281
5203
5282
5204
5283
5205
5284
5206
5285
5207
5286
5208
5287
5209
5288
5210
5289
5211
5290
5212
5291
5213
5292
5214
5293
5215
5294
5216
5295
5217
5296
5218
5297
5219
5298
5220
5299
5221
5300
5222
5301
5223
5302
5224
5303
5225
5304
5226
5305
5227
5306
5228
5307
5229
5308
5230
5309
5231
5310
5232
5311
5233
5312
5234
5313
5235
5314
5236
5315
5237
5316
5238
5317
5239
5318
5319
5241
5320
6159
5242
5321
5243
5322
5244
5323
5245
5324
5246
5325
5247
5326
5248
5327
5249
5328
5250
5329
5251
5330
5252
5331
5253
5332
5254
5333
5255
5334
5256
5335
5257
5336
5258
5337
5259
5338
5260
5339
5261
5340
5262
5341
5263
5342
5264
5343
5265
5344
5266
5345
5267
5346
5268
5347
5269
5348
5270
5349
5271
5350
5272
5351
5273
5352
5274
5353
5275
5354
5276
5355
5277
5356
5278
5357
5279
5358
5280
5359
5281
5360
5282
5361
5283
5362
5284
5363
5285
5364
5286
5365
5287
5366
5288
5367
5289
5368
5290
5369
5291
5370
5292
5371
5293
5372
5294
5373
5295
5374
5296
5375
5297
5376
5298
5377
5299
5378
5300
5379
5301
5380
5302
5381
5303
5382
5304
5383
5305
5384
5306
5385
5307
5386
5308
5387
5309
5388
5310
5389
5311
5390
5312
5391
5313
5392
5314
5393
5315
5394
5316
5395
5317
5396
5318
5397
5319
5398
5399
5321
6199
5322
5323
5324
5325
5326
5327
5328
5329
5330
5331
5332
5333
5334
5335
5336
5337
5338
5339
5340
5341
5342
5343
5344
5345
5346
5347
5348
5349
5350
5351
5352
5353
5354
5355
5356
5357
5358
5359
5360
5361
5362
5363
5364
5365
5366
5367
5368
5369
5370
5371
5372
5373
5374
5375
5376
5377
5378
5379
5380
5381
5382
5383
5384
5385
5386
5387
5388
5389
5390
5391
5392
5393
5394
5395
5396
5397
5398
5399
5401
5440
6239
8439
5402
5441
8438
5403
5442
8437
5404
5443
8436
5405
5444
8435
5406
5445
8434
5407
5446
8433
5408
5447
8432
5409
5448
8431
5410
5449
8430
5411
5450
8429
5412
5451
8428
5413
5452
8427
5414
5453
8426
5415
5454
8425
5416
5455
8424
5417
5456
8423
5418
5457
8422
5419
5458
8421
5420
5459
8420
5421
5460
8419
5422
5461
8418
5423
5462
8417
5424
5463
8416
5425
5464
8415
5426
5465
8414
5427
5466
8413
5428
5467
8412
5429
5468
8411
5430
5469
8410
5431
5470
8409
5432
5471
8408
5433
5472
8407
5434
5473
8406
5435
5474
8405
5436
5475
8404
5437
5476
8403
5438
5477
8402
5439
5478
8401
5479
8400
5441
5480
6279
5442
5481
5443
5482
5444
5483
5445
5484
5446
5485
5447
5486
5448
5487
5449
5488
5450
5489
5451
5490
5452
5491
5453
5492
5454
5493
5455
5494
5456
5495
5457
5496
5458
5497
5459
5498
5460
5499
5461
5500
5462
5501
5463
5502
5464
5503
5465
5504
5466
5505
5467
5506
5468
5507
5469
5508
5470
5509
5471
5510
5472
5511
5473
5512
5474
5513
5475
5514
5476
5515
5477
5516
5478
5517
5479
5518
5519
5481
5520
6319
5482
5521
5483
5522
5484
5523
5485
5524
5486
5525
5487
5526
5488
5527
5489
5528
5490
5529
5491
5530
5492
5531
5493
5532
5494
5533
5495
5534
5496
5535
5497
5536
5498
5537
5499
5538
5500
5539
5501
5540
5502
5541
5503
5542
5504
5543
5505
5544
5506
5545
5507
5546
5508
5547
5509
5548
5510
5549
5511
5550
5512
5551
5513
5552
5514
5553
5515
5554
5516
5555
5517
5556
5518
5557
5519
5558
5559
5521
5560
6359
5522
5561
5523
5562
5524
5563
5525
5564
5526
5565
5527
5566
5528
5567
5529
5568
5530
5569
5531
5570
5532
5571
5533
5572
5534
5573
5535
5574
5536
5575
5537
5576
5538
5577
5539
5578
5540
5579
5541
5580
5542
5581
5543
5582
5544
5583
5545
5584
5546
5585
5547
5586
5548
5587
5549
5588
5550
5589
5551
5590
5552
5591
5553
5592
5554
5593
5555
5594
5556
5595
5557
5596
5558
5597
5559
5598
5599
5561
5600
6399
5562
5601
5563
5602
5564
5603
5565
5604
5566
5605
5567
5606
5568
5607
5569
5608
5570
5609
5571
5610
5572
5611
5573
5612
5574
5613
5575
5614
5576
5615
5577
5616
5578
5617
5579
5618
5580
5619
5581
5620
5582
5621
5583
5622
5584
5623
5585
5624
5586
5625
5587
5626
5588
5627
5589
5628
5590
5629
5591
5630
5592
5631
5593
5632
5594
5633
5595
5634
5596
5635
5597
5636
5598
5637
5599
5638
5639
5601
5640
6439
5602
5641
5603
5642
5604
5643
5605
5644
5606
5645
5607
5646
5608
5647
5609
5648
5610
5649
5611
5650
5612
5651
5613
5652
5614
5653
5615
5654
5616
5655
5617
5656
5618
5657
5619
5658
5620
5659
5621
5660
5622
5661
5623
5662
5624
5663
5625
5664
5626
5665
5627
5666
5628
5667
5629
5668
5630
5669
5631
5670
5632
5671
5633
5672
5634
5673
5635
5674
5636
5675
5637
5676
5638
5677
5639
5678
5679
5641
5680
6479
5642
5681
5643
5682
5644
5683
5645
5684
5646
5685
5647
5686
5648
5687
5649
5688
5650
5689
5651
5690
5652
5691
5653
5692
5654
5693
5655
5694
5656
5695
5657
5696
5658
5697
5659
5698
5660
5699
5661
5700
5662
5701
5663
5702
5664
5703
5665
5704
5666
5705
5667
5706
5668
5707
5669
5708
5670
5709
5671
5710
5672
5711
5673
5712
5674
5713
5675
5714
5676
5715
5677
5716
5678
5717
5679
5718
5719
5681
5720
6519
5682
5721
5683
5722
5684
5723
5685
5724
5686
5725
5687
5726
5688
5727
5689
5728
5690
5729
5691
5730
5692
5731
5693
5732
5694
5733
5695
5734
5696
5735
5697
5736
5698
5737
5699
5738
5700
5739
5701
5740
5702
5741
5703
5742
5704
5743
5705
5744
5706
5745
5707
5746
5708
5747
5709
5748
5710
5749
5711
5750
5712
5751
5713
5752
5714
5753
5715
5754
5716
5755
5717
5756
5718
5757
5719
5758
5759
5721
5760
6559
5722
5761
5723
5762
5724
5763
5725
5764
5726
5765
5727
5766
5728
5767
5729
5768
5730
5769
5731
5770
5732
5771
5733
5772
5734
5773
5735
5774
5736
5775
5737
5776
5738
5777
5739
5778
5740
5779
5741
5780
5742
5781
5743
5782
5744
5783
5745
5784
5746
5785
5747
5786
5748
5787
5749
5788
5750
5789
5751
5790
5752
5791
5753
5792
5754
5793
5755
5794
5756
5795
5757
5796
5758
5797
5759
5798
5799
5761
5800
6599
5762
5801
5763
5802
5764
5803
5765
5804
5766
5805
5767
5806
5768
5807
5769
5808
5770
5809
5771
5810
5772
5811
5773
5812
5774
5813
5775
5814
5776
5815
5777
5816
5778
5817
5779
5818
5780
5819
5781
5820
5782
5821
5783
5822
5784
5823
5785
5824
5786
5825
5787
5826
5788
5827
5789
5828
5790
5829
5791
5830
5792
5831
5793
5832
5794
5833
5795
5834
5796
5835
5797
5836
5798
5837
5799
5838
5839
5801
5840
6639
5802
5841
5803
5842
5804
5843
5805
5844
5806
5845
5807
5846
5808
5847
5809
5848
5810
5849
5811
5850
5812
5851
5813
5852
5814
5853
5815
5854
5816
5855
5817
5856
5818
5857
5819
5858
5820
5859
5821
5860
5822
5861
5823
5862
5824
5863
5825
5864
5826
5865
5827
5866
5828
5867
5829
5868
5830
5869
5831
5870
5832
5871
5833
5872
5834
5873
5835
5874
5836
5875
5837
5876
5838
5877
5839
5878
5879
5841
5880
6679
5842
5881
5843
5882
5844
5883
5845
5884
5846
5885
5847
5886
5848
5887
5849
5888
5850
5889
5851
5890
5852
5891
5853
5892
5854
5893
5855
5894
5856
5895
5857
5896
5858
5897
5859
5898
5860
5899
5861
5900
5862
5901
5863
5902
5864
5903
5865
5904
5866
5905
5867
5906
5868
5907
5869
5908
5870
5909
5871
5910
5872
5911
5873
5912
5874
5913
5875
5914
5876
5915
5877
5916
5878
5917
5879
5918
5919
5881
5920
6719
5882
5921
5883
5922
5884
5923
5885
5924
5886
5925
5887
5926
5888
5927
5889
5928
5890
5929
5891
5930
5892
5931
5893
5932
5894
5933
5895
5934
5896
5935
5897
5936
5898
5937
5899
5938
5900
5939
5901
5940
5902
5941
5903
5942
5904
5943
5905
5944
5906
5945
5907
5946
5908
5947
5909
5948
5910
5949
5911
5950
5912
5951
5913
5952
5914
5953
5915
5954
5916
5955
5917
5956
5918
5957
5919
5958
5959
5921
5960
6759
5922
5961
5923
5962
5924
5963
5925
5964
5926
5965
5927
5966
5928
5967
5929
5968
5930
5969
5931
5970
5932
5971
5933
5972
5934
5973
5935
5974
5936
5975
5937
5976
5938
5977
5939
5978
5940
5979
5941
5980
5942
5981
5943
5982
5944
5983
5945
5984
5946
5985
5947
5986
5948
5987
5949
5988
5950
5989
5951
5990
5952
5991
5953
5992
5954
5993
5955
5994
5956
5995
5957
5996
5958
5997
5959
5998
5999
5961
6000
6799
5962
6001
5963
6002
5964
6003
5965
6004
5966
6005
5967
6006
5968
6007
5969
6008
5970
6009
5971
6010
5972
6011
5973
6012
5974
6013
5975
6014
5976
6015
5977
6016
5978
6017
5979
6018
5980
6019
5981
6020
5982
6021
5983
6022
5984
6023
5985
6024
5986
6025
5987
6026
5988
6027
5989
6028
5990
6029
5991
6030
5992
6031
5993
6032
5994
6033
5995
6034
5996
6035
5997
6036
5998
6037
5999
6038
6039
6001
6040
6839
6002
6041
6003
6042
6004
6043
6005
6044
6006
6045
6007
6046
6008
6047
6009
6048
6010
6049
6011
6050
6012
6051
6013
6052
6014
6053
6015
6054
6016
6055
6017
6056
6018
6057
6019
6058
6020
6059
6021
6060
6022
6061
6023
6062
6024
6063
6025
6064
6026
6065
6027
6066
6028
6067
6029
6068
6030
6069
6031
6070
6032
6071
6033
6072
6034
6073
6035
6074
6036
6075
6037
6076
6038
6077
6039
6078
6079
6041
6080
6879
6042
6081
6043
6082
6044
6083
6045
6084
6046
6085
6047
6086
6048
6087
6049
6088
6050
6089
6051
6090
6052
6091
6053
6092
6054
6093
6055
6094
6056
6095
6057
6096
6058
6097
6059
6098
6060
6099
6061
6100
6062
6101
6063
6102
6064
6103
6065
6104
6066
6105
6067
6106
6068
6107
6069
6108
6070
6109
6071
6110
6072
6111
6073
6112
6074
6113
6075
6114
6076
6115
6077
6116
6078
6117
6079
6118
6119
6081
6120
6919
6082
6121
6083
6122
6084
6123
6085
6124
6086
6125
6087
6126
6088
6127
6089
6128
6090
6129
6091
6130
6092
6131
6093
6132
6094
6133
6095
6134
6096
6135
6097
6136
6098
6137
6099
6138
6100
6139
6101
6140
6102
6141
6103
6142
6104
6143
6105
6144
6106
6145
6107
6146
6108
6147
6109
6148
6110
6149
6111
6150
6112
6151
6113
6152
6114
6153
6115
6154
6116
6155
6117
6156
6118
6157
6119
6158
6159
6121
6160
6959
6122
6161
6123
6162
6124
6163
6125
6164
6126
6165
6127
6166
6128
6167
6129
6168
6130
6169
6131
6170
6132
6171
6133
6172
6134
6173
6135
6174
6136
6175
6137
6176
6138
6177
6139
6178
6140
6179
6141
6180
6142
6181
6143
6182
6144
6183
6145
6184
6146
6185
6147
6186
6148
6187
6149
6188
6150
6189
6151
6190
6152
6191
6153
6192
6154
6193
6155
6194
6156
6195
6157
6196
6158
6197
6159
6198
6199
6161
6999
6162
6163
6164
6165
6166
6167
6168
6169
6170
6171
6172
6173
6174
6175
6176
6177
6178
6179
6180
6181
6182
6183
6184
6185
6186
6187
6188
6189
6190
6191
6192
6193
6194
6195
6196
6197
6198
6199
6201
6240
7029
8839
6202
6241
8838
6203
6242
8837
6204
6243
8836
6205
6244
8835
6206
6245
8834
6207
6246
8833
6208
6247
8832
6209
6248
8831
6210
6249
8830
6211
6250
8829
6212
6251
8828
6213
6252
8827
6214
6253
8826
6215
6254
8825
6216
6255
8824
6217
6256
8823
6218
6257
8822
6219
6258
8821
6220
6259
8820
6221
6260
8819
6222
6261
8818
6223
6262
8817
6224
6263
8816
6225
6264
8815
6226
6265
8814
6227
6266
8813
6228
6267
8812
6229
6268
8811
6230
6269
8810
6231
6270
8809
6232
6271
8808
6233
6272
8807
6234
6273
8806
6235
6274
8805
6236
6275
8804
6237
6276
8803
6238
6277
8802
6239
6278
8801
6279
8800
6241
6280
7059
6242
6281
6243
6282
6244
6283
6245
6284
6246
6285
6247
6286
6248
6287
6249
6288
6250
6289
6251
6290
6252
6291
6253
6292
6254
6293
6255
6294
6256
6295
6257
6296
6258
6297
6259
6298
6260
6299
6261
6300
6262
6301
6263
6302
6264
6303
6265
6304
6266
6305
6267
6306
6268
6307
6269
6308
6270
6309
6271
6310
6272
6311
6273
6312
6274
6313
6275
6314
6276
6315
6277
6316
6278
6317
6279
6318
6319
6281
6320
7089
6282
6321
6283
6322
6284
6323
6285
6324
6286
6325
6287
6326
6288
6327
6289
6328
6290
6329
6291
6330
6292
6331
6293
6332
6294
6333
6295
6334
6296
6335
6297
6336
6298
6337
6299
6338
6300
6339
6301
6340
6302
6341
6303
6342
6304
6343
6305
6344
6306
6345
6307
6346
6308
6347
6309
6348
6310
6349
6311
6350
6312
6351
6313
6352
6314
6353
6315
6354
6316
6355
6317
6356
6318
6357
6319
6358
6359
6321
6360
7119
6322
6361
6323
6362
6324
6363
6325
6364
6326
6365
6327
6366
6328
6367
6329
6368
6330
6369
6331
6370
6332
6371
6333
6372
6334
6373
6335
6374
6336
6375
6337
6376
6338
6377
6339
6378
6340
6379
6341
6380
6342
6381
6343
6382
6344
6383
6345
6384
6346
6385
6347
6386
6348
6387
6349
6388
6350
6389
6351
6390
6352
6391
6353
6392
6354
6393
6355
6394
6356
6395
6357
6396
6358
6397
6359
6398
6399
6361
6400
7149
6362
6401
6363
6402
6364
6403
6365
6404
6366
6405
6367
6406
6368
6407
6369
6408
6370
6409
6371
6410
6372
6411
6373
6412
6374
6413
6375
6414
6376
6415
6377
6416
6378
6417
6379
6418
6380
6419
6381
6420
6382
6421
6383
6422
6384
6423
6385
6424
6386
6425
6387
6426
6388
6427
6389
6428
6390
6429
6391
6430
6392
6431
6393
6432
6394
6433
6395
6434
6396
6435
6397
6436
6398
6437
6399
6438
6439
6401
6440
7179
6402
6441
6403
6442
6404
6443
6405
6444
6406
6445
6407
6446
6408
6447
6409
6448
6410
6449
6411
6450
6412
6451
6413
6452
6414
6453
6415
6454
6416
6455
6417
6456
6418
6457
6419
6458
6420
6459
6421
6460
6422
6461
6423
6462
6424
6463
6425
6464
6426
6465
6427
6466
6428
6467
6429
6468
6430
6469
6431
6470
6432
6471
6433
6472
6434
6473
6435
6474
6436
6475
6437
6476
6438
6477
6439
6478
6479
6441
6480
7209
6442
6481
6443
6482
6444
6483
6445
6484
6446
6485
6447
6486
6448
6487
6449
6488
6450
6489
6451
6490
6452
6491
6453
6492
6454
6493
6455
6494
6456
6495
6457
6496
6458
6497
6459
6498
6460
6499
6461
6500
6462
6501
6463
6502
6464
6503
6465
6504
6466
6505
6467
6506
6468
6507
6469
6508
6470
6509
6471
6510
6472
6511
6473
6512
6474
6513
6475
6514
6476
6515
6477
6516
6478
6517
6479
6518
6519
6481
6520
7239
6482
6521
6483
6522
6484
6523
6485
6524
6486
6525
6487
6526
6488
6527
6489
6528
6490
6529
6491
6530
6492
6531
6493
6532
6494
6533
6495
6534
6496
6535
6497
6536
6498
6537
6499
6538
6500
6539
6501
6540
6502
6541
6503
6542
6504
6543
6505
6544
6506
6545
6507
6546
6508
6547
6509
6548
6510
6549
6511
6550
6512
6551
6513
6552
6514
6553
6515
6554
6516
6555
6517
6556
6518
6557
6519
6558
6559
6521
6560
7269
6522
6561
6523
6562
6524
6563
6525
6564
6526
6565
6527
6566
6528
6567
6529
6568
6530
6569
6531
6570
6532
6571
6533
6572
6534
6573
6535
6574
6536
6575
6537
6576
6538
6577
6539
6578
6540
6579
6541
6580
6542
6581
6543
6582
6544
6583
6545
6584
6546
6585
6547
6586
6548
6587
6549
6588
6550
6589
6551
6590
6552
6591
6553
6592
6554
6593
6555
6594
6556
6595
6557
6596
6558
6597
6559
6598
6599
6561
6600
7299
6562
6601
6563
6602
6564
6603
6565
6604
6566
6605
6567
6606
6568
6607
6569
6608
6570
6609
6571
6610
6572
6611
6573
6612
6574
6613
6575
6614
6576
6615
6577
6616
6578
6617
6579
6618
6580
6619
6581
6620
6582
6621
6583
6622
6584
6623
6585
6624
6586
6625
6587
6626
6588
6627
6589
6628
6590
6629
6591
6630
6592
6631
6593
6632
6594
6633
6595
6634
6596
6635
6597
6636
6598
6637
6599
6638
6639
6601
6640
7329
6602
6641
6603
6642
6604
6643
6605
6644
6606
6645
6607
6646
6608
6647
6609
6648
6610
6649
6611
6650
6612
6651
6613
6652
6614
6653
6615
6654
6616
6655
6617
6656
6618
6657
6619
6658
6620
6659
6621
6660
6622
6661
6623
6662
6624
6663
6625
6664
6626
6665
6627
6666
6628
6667
6629
6668
6630
6669
6631
6670
6632
6671
6633
6672
6634
6673
6635
6674
6636
6675
6637
6676
6638
6677
6639
6678
6679
6641
6680
7359
6642
6681
6643
6682
6644
6683
6645
6684
6646
6685
6647
6686
6648
6687
6649
6688
6650
6689
6651
6690
6652
6691
6653
6692
6654
6693
6655
6694
6656
6695
6657
6696
6658
6697
6659
6698
6660
6699
6661
6700
6662
6701
6663
6702
6664
6703
6665
6704
6666
6705
6667
6706
6668
6707
6669
6708
6670
6709
6671
6710
6672
6711
6673
6712
6674
6713
6675
6714
6676
6715
6677
6716
6678
6717
6679
6718
6719
6681
6720
7389
6682
6721
6683
6722
6684
6723
6685
6724
6686
6725
6687
6726
6688
6727
6689
6728
6690
6729
6691
6730
6692
6731
6693
6732
6694
6733
6695
6734
6696
6735
6697
6736
6698
6737
6699
6738
6700
6739
6701
6740
6702
6741
6703
6742
6704
6743
6705
6744
6706
6745
6707
6746
6708
6747
6709
6748
6710
6749
6711
6750
6712
6751
6713
6752
6714
6753
6715
6754
6716
6755
6717
6756
6718
6757
6719
6758
6759
6721
6760
7419
6722
6761
6723
6762
6724
6763
6725
6764
6726
6765
6727
6766
6728
6767
6729
6768
6730
6769
6731
6770
6732
6771
6733
6772
6734
6773
6735
6774
6736
6775
6737
6776
6738
6777
6739
6778
6740
6779
6741
6780
6742
6781
6743
6782
6744
6783
6745
6784
6746
6785
6747
6786
6748
6787
6749
6788
6750
6789
6751
6790
6752
6791
6753
6792
6754
6793
6755
6794
6756
6795
6757
6796
6758
6797
6759
6798
6799
6761
6800
7449
6762
6801
6763
6802
6764
6803
6765
6804
6766
6805
6767
6806
6768
6807
6769
6808
6770
6809
6771
6810
6772
6811
6773
6812
6774
6813
6775
6814
6776
6815
6777
6816
6778
6817
6779
6818
6780
6819
6781
6820
6782
6821
6783
6822
6784
6823
6785
6824
6786
6825
6787
6826
6788
6827
6789
6828
6790
6829
6791
6830
6792
6831
6793
6832
6794
6833
6795
6834
6796
6835
6797
6836
6798
6837
6799
6838
6839
6801
6840
7479
6802
6841
6803
6842
6804
6843
6805
6844
6806
6845
6807
6846
6808
6847
6809
6848
6810
6849
6811
6850
6812
6851
6813
6852
6814
6853
6815
6854
6816
6855
6817
6856
6818
6857
6819
6858
6820
6859
6821
6860
6822
6861
6823
6862
6824
6863
6825
6864
6826
6865
6827
6866
6828
6867
6829
6868
6830
6869
6831
6870
6832
6871
6833
6872
6834
6873
6835
6874
6836
6875
6837
6876
6838
6877
6839
6878
6879
6841
6880
7509
6842
6881
6843
6882
6844
6883
6845
6884
6846
6885
6847
6886
6848
6887
6849
6888
6850
6889
6851
6890
6852
6891
6853
6892
6854
6893
6855
6894
6856
6895
6857
6896
6858
6897
6859
6898
6860
6899
6861
6900
6862
6901
6863
6902
6864
6903
6865
6904
6866
6905
6867
6906
6868
6907
6869
6908
6870
6909
6871
6910
6872
6911
6873
6912
6874
6913
6875
6914
6876
6915
6877
6916
6878
6917
6879
6918
6919
6881
6920
7539
6882
6921
6883
6922
6884
6923
6885
6924
6886
6925
6887
6926
6888
6927
6889
6928
6890
6929
6891
6930
6892
6931
6893
6932
6894
6933
6895
6934
6896
6935
6897
6936
6898
6937
6899
6938
6900
6939
6901
6940
6902
6941
6903
6942
6904
6943
6905
6944
6906
6945
6907
6946
6908
6947
6909
6948
6910
6949
6911
6950
6912
6951
6913
6952
6914
6953
6915
6954
6916
6955
6917
6956
6918
6957
6919
6958
6959
6921
6960
7569
6922
6961
6923
6962
6924
6963
6925
6964
6926
6965
6927
6966
6928
6967
6929
6968
6930
6969
6931
6970
6932
6971
6933
6972
6934
6973
6935
6974
6936
6975
6937
6976
6938
6977
6939
6978
6940
6979
6941
6980
6942
6981
6943
6982
6944
6983
6945
6984
6946
6985
6947
6986
6948
6987
6949
6988
6950
6989
6951
6990
6952
6991
6953
6992
6954
6993
6955
6994
6956
6995
6957
6996
6958
6997
6959
6998
6999
6961
7599
6962
6963
6964
6965
6966
6967
6968
6969
6970
6971
6972
6973
6974
6975
6976
6977
6978
6979
6980
6981
6982
6983
6984
6985
6986
6987
6988
6989
6990
6991
6992
6993
6994
6995
6996
6997
6998
6999
7001
7030
7002
7031
7003
7032
7004
7033
7005
7034
7006
7035
7007
7036
7008
7037
7009
7038
7010
7039
7011
7040
7012
7041
7013
7042
7014
7043
7015
7044
7016
7045
7017
7046
7018
7047
7019
7048
7020
7049
7021
7050
7022
7051
7023
7052
7024
7053
7025
7054
7026
7055
7027
7056
7028
7057
7029
7058
7059
7031
7060
7032
7061
7033
7062
7034
7063
7035
7064
7036
7065
7037
7066
7038
7067
7039
7068
7040
7069
7041
7070
7042
7071
7043
7072
7044
7073
7045
7074
7046
7075
7047
7076
7048
7077
7049
7078
7050
7079
7051
7080
7052
7081
7053
7082
7054
7083
7055
7084
7056
7085
7057
7086
7058
7087
7059
7088
7089
7061
7090
7062
7091
7063
7092
7064
7093
7065
7094
7066
7095
7067
7096
7068
7097
7069
7098
7070
7099
7071
7100
7072
7101
7073
7102
7074
7103
7075
7104
7076
7105
7077
7106
7078
7107
7079
7108
7080
7109
7081
7110
7082
7111
7083
7112
7084
7113
7085
7114
7086
7115
7087
7116
7088
7117
7089
7118
7119
7091
7120
7092
7121
7093
7122
7094
7123
7095
7124
7096
7125
7097
7126
7098
7127
7099
7128
7100
7129
7101
7130
7102
7131
7103
7132
7104
7133
7105
7134
7106
7135
7107
7136
7108
7137
7109
7138
7110
7139
7111
7140
7112
7141
7113
7142
7114
7143
7115
7144
7116
7145
7117
7146
7118
7147
7119
7148
7149
7121
7150
7122
7151
7123
7152
7124
7153
7125
7154
7126
7155
7127
7156
7128
7157
7129
7158
7130
7159
7131
7160
7132
7161
7133
7162
7134
7163
7135
7164
7136
7165
7137
7166
7138
7167
7139
7168
7140
7169
7141
7170
7142
7171
7143
7172
7144
7173
7145
7174
7146
7175
7147
7176
7148
7177
7149
7178
7179
7151
7180
7152
7181
7153
7182
7154
7183
7155
7184
7156
7185
7157
7186
7158
7187
7159
7188
7160
7189
7161
7190
7162
7191
7163
7192
7164
7193
7165
7194
7166
7195
7167
7196
7168
7197
7169
7198
7170
7199
7171
7200
7172
7201
7173
7202
7174
7203
7175
7204
7176
7205
7177
7206
7178
7207
7179
7208
7209
7181
7210
7182
7211
7183
7212
7184
7213
7185
7214
7186
7215
7187
7216
7188
7217
7189
7218
7190
7219
7191
7220
7192
7221
7193
7222
7194
7223
7195
7224
7196
7225
7197
7226
7198
7227
7199
7228
7200
7229
7201
7230
7202
7231
7203
7232
7204
7233
7205
7234
7206
7235
7207
7236
7208
7237
7209
7238
7239
7211
7240
7212
7241
7213
7242
7214
7243
7215
7244
7216
7245
7217
7246
7218
7247
7219
7248
7220
7249
7221
7250
7222
7251
7223
7252
7224
7253
7225
7254
7226
7255
7227
7256
7228
7257
7229
7258
7230
7259
7231
7260
7232
7261
7233
7262
7234
7263
7235
7264
7236
7265
7237
7266
7238
7267
7239
7268
7269
7241
7270
7242
7271
7243
7272
7244
7273
7245
7274
7246
7275
7247
7276
7248
7277
7249
7278
7250
7279
7251
7280
7252
7281
7253
7282
7254
7283
7255
7284
7256
7285
7257
7286
7258
7287
7259
7288
7260
7289
7261
7290
7262
7291
7263
7292
7264
7293
7265
7294
7266
7295
7267
7296
7268
7297
7269
7298
7299
7271
7300
7272
7301
7273
7302
7274
7303
7275
7304
7276
7305
7277
7306
7278
7307
7279
7308
7280
7309
7281
7310
7282
7311
7283
7312
7284
7313
7285
7314
7286
7315
7287
7316
7288
7317
7289
7318
7290
7319
7291
7320
7292
7321
7293
7322
7294
7323
7295
7324
7296
7325
7297
7326
7298
7327
7299
7328
7329
7301
7330
7302
7331
7303
7332
7304
7333
7305
7334
7306
7335
7307
7336
7308
7337
7309
7338
7310
7339
7311
7340
7312
7341
7313
7342
7314
7343
7315
7344
7316
7345
7317
7346
7318
7347
7319
7348
7320
7349
7321
7350
7322
7351
7323
7352
7324
7353
7325
7354
7326
7355
7327
7356
7328
7357
7329
7358
7359
7331
7360
7332
7361
7333
7362
7334
7363
7335
7364
7336
7365
7337
7366
7338
7367
7339
7368
7340
7369
7341
7370
7342
7371
7343
7372
7344
7373
7345
7374
7346
7375
7347
7376
7348
7377
7349
7378
7350
7379
7351
7380
7352
7381
7353
7382
7354
7383
7355
7384
7356
7385
7357
7386
7358
7387
7359
7388
7389
7361
7390
7362
7391
7363
7392
7364
7393
7365
7394
7366
7395
7367
7396
7368
7397
7369
7398
7370
7399
7371
7400
7372
7401
7373
7402
7374
7403
7375
7404
7376
7405
7377
7406
7378
7407
7379
7408
7380
7409
7381
7410
7382
7411
7383
7412
7384
7413
7385
7414
7386
7415
7387
7416
7388
7417
7389
7418
7419
7391
7420
7392
7421
7393
7422
7394
7423
7395
7424
7396
7425
7397
7426
7398
7427
7399
7428
7400
7429
7401
7430
7402
7431
7403
7432
7404
7433
7405
7434
7406
7435
7407
7436
7408
7437
7409
7438
7410
7439
7411
7440
7412
7441
7413
7442
7414
7443
7415
7444
7416
7445
7417
7446
7418
7447
7419
7448
7449
7421
7450
7422
7451
7423
7452
7424
7453
7425
7454
7426
7455
7427
7456
7428
7457
7429
7458
7430
7459
7431
7460
7432
7461
7433
7462
7434
7463
7435
7464
7436
7465
7437
7466
7438
7467
7439
7468
7440
7469
7441
7470
7442
7471
7443
7472
7444
7473
7445
7474
7446
7475
7447
7476
7448
7477
7449
7478
7479
7451
7480
7452
7481
7453
7482
7454
7483
7455
7484
7456
7485
7457
7486
7458
7487
7459
7488
7460
7489
7461
7490
7462
7491
7463
7492
7464
7493
7465
7494
7466
7495
7467
7496
7468
7497
7469
7498
7470
7499
7471
7500
7472
7501
7473
7502
7474
7503
7475
7504
7476
7505
7477
7506
7478
7507
7479
7508
7509
7481
7510
7482
7511
7483
7512
7484
7513
7485
7514
7486
7515
7487
7516
7488
7517
7489
7518
7490
7519
7491
7520
7492
7521
7493
7522
7494
7523
7495
7524
7496
7525
7497
7526
7498
7527
7499
7528
7500
7529
7501
7530
7502
7531
7503
7532
7504
7533
7505
7534
7506
7535
7507
7536
7508
7537
7509
7538
7539
7511
7540
7512
7541
7513
7542
7514
7543
7515
7544
7516
7545
7517
7546
7518
7547
7519
7548
7520
7549
7521
7550
7522
7551
7523
7552
7524
7553
7525
7554
7526
7555
7527
7556
7528
7557
7529
7558
7530
7559
7531
7560
7532
7561
7533
7562
7534
7563
7535
7564
7536
7565
7537
7566
7538
7567
7539
7568
7569
7541
7570
7542
7571
7543
7572
7544
7573
7545
7574
7546
7575
7547
7576
7548
7577
7549
7578
7550
7579
7551
7580
7552
7581
7553
7582
7554
7583
7555
7584
7556
7585
7557
7586
7558
7587
7559
7588
7560
7589
7561
7590
7562
7591
7563
7592
7564
7593
7565
7594
7566
7595
7567
7596
7568
7597
7569
7598
7599
7571
7572
7573
7574
7575
7576
7577
7578
7579
7580
7581
7582
7583
7584
7585
7586
7587
7588
7589
7590
7591
7592
7593
7594
7595
7596
7597
7598
7599
7601
7640
8839
7602
7641
7603
7642
7604
7643
7605
7644
7606
7645
7607
7646
7608
7647
7609
7648
7610
7649
7611
7650
7612
7651
7613
7652
7614
7653
7615
7654
7616
7655
7617
7656
7618
7657
7619
7658
7620
7659
7621
7660
7622
7661
7623
7662
7624
7663
7625
7664
7626
7665
7627
7666
7628
7667
7629
7668
7630
7669
7631
7670
7632
7671
7633
7672
7634
7673
7635
7674
7636
7675
7637
7676
7638
7677
7639
7678
7679
8000
7641
7680
8879
7642
7681
7643
7682
7644
7683
7645
7684
7646
7685
7647
7686
7648
7687
7649
7688
7650
7689
7651
7690
7652
7691
7653
7692
7654
7693
7655
7694
7656
7695
7657
7696
7658
7697
7659
7698
7660
7699
7661
7700
7662
7701
7663
7702
7664
7703
7665
7704
7666
7705
7667
7706
7668
7707
7669
7708
7670
7709
7671
7710
7672
7711
7673
7712
7674
7713
7675
7714
7676
7715
7677
7716
7678
7717
7679
7718
7719
8040
7681
7720
8919
7682
7721
7683
7722
7684
7723
7685
7724
7686
7725
7687
7726
7688
7727
7689
7728
7690
7729
7691
7730
7692
7731
7693
7732
7694
7733
7695
7734
7696
7735
7697
7736
7698
7737
7699
7738
7700
7739
7701
7740
7702
7741
7703
7742
7704
7743
7705
7744
7706
7745
7707
7746
7708
7747
7709
7748
7710
7749
7711
7750
7712
7751
7713
7752
7714
7753
7715
7754
7716
7755
7717
7756
7718
7757
7719
7758
7759
8080
7721
7760
8959
7722
7761
7723
7762
7724
7763
7725
7764
7726
7765
7727
7766
7728
7767
7729
7768
7730
7769
7731
7770
7732
7771
7733
7772
7734
7773
7735
7774
7736
7775
7737
7776
7738
7777
7739
7778
7740
7779
7741
7780
7742
7781
7743
7782
7744
7783
7745
7784
7746
7785
7747
7786
7748
7787
7749
7788
7750
7789
7751
7790
7752
7791
7753
7792
7754
7793
7755
7794
7756
7795
7757
7796
7758
7797
7759
7798
7799
8120
7761
7800
8999
7762
7801
7763
7802
7764
7803
7765
7804
7766
7805
7767
7806
7768
7807
7769
7808
7770
7809
7771
7810
7772
7811
7773
7812
7774
7813
7775
7814
7776
7815
7777
7816
7778
7817
7779
7818
7780
7819
7781
7820
7782
7821
7783
7822
7784
7823
7785
7824
7786
7825
7787
7826
7788
7827
7789
7828
7790
7829
7791
7830
7792
7831
7793
7832
7794
7833
7795
7834
7796
7835
7797
7836
7798
7837
7799
7838
7839
8160
7801
7840
9039
7802
7841
7803
7842
7804
7843
7805
7844
7806
7845
7807
7846
7808
7847
7809
7848
7810
7849
7811
7850
7812
7851
7813
7852
7814
7853
7815
7854
7816
7855
7817
7856
7818
7857
7819
7858
7820
7859
7821
7860
7822
7861
7823
7862
7824
7863
7825
7864
7826
7865
7827
7866
7828
7867
7829
7868
7830
7869
7831
7870
7832
7871
7833
7872
7834
7873
7835
7874
7836
7875
7837
7876
7838
7877
7839
7878
7879
8200
7841
7880
9079
7842
7881
7843
7882
7844
7883
7845
7884
7846
7885
7847
7886
7848
7887
7849
7888
7850
7889
7851
7890
7852
7891
7853
7892
7854
7893
7855
7894
7856
7895
7857
7896
7858
7897
7859
7898
7860
7899
7861
7900
7862
7901
7863
7902
7864
7903
7865
7904
7866
7905
7867
7906
7868
7907
7869
7908
7870
7909
7871
7910
7872
7911
7873
7912
7874
7913
7875
7914
7876
7915
7877
7916
7878
7917
7879
7918
7919
8240
7881
7920
9119
7882
7921
7883
7922
7884
7923
7885
7924
7886
7925
7887
7926
7888
7927
7889
7928
7890
7929
7891
7930
7892
7931
7893
7932
7894
7933
7895
7934
7896
7935
7897
7936
7898
7937
7899
7938
7900
7939
7901
7940
7902
7941
7903
7942
7904
7943
7905
7944
7906
7945
7907
7946
7908
7947
7909
7948
7910
7949
7911
7950
7912
7951
7913
7952
7914
7953
7915
7954
7916
7955
7917
7956
7918
7957
7919
7958
7959
8280
7921
7960
9159
7922
7961
7923
7962
7924
7963
7925
7964
7926
7965
7927
7966
7928
7967
7929
7968
7930
7969
7931
7970
7932
7971
7933
7972
7934
7973
7935
7974
7936
7975
7937
7976
7938
7977
7939
7978
7940
7979
7941
7980
7942
7981
7943
7982
7944
7983
7945
7984
7946
7985
7947
7986
7948
7987
7949
7988
7950
7989
7951
7990
7952
7991
7953
7992
7954
7993
7955
7994
7956
7995
7957
7996
7958
7997
7959
7998
7999
8320
7961
9199
7962
7963
7964
7965
7966
7967
7968
7969
7970
7971
7972
7973
7974
7975
7976
7977
7978
7979
7980
7981
7982
7983
7984
7985
7986
7987
7988
7989
7990
7991
7992
7993
7994
7995
7996
7997
7998
7999
8360
8001
8040
8002
8041
8003
8042
8004
8043
8005
8044
8006
8045
8007
8046
8008
8047
8009
8048
8010
8049
8011
8050
8012
8051
8013
8052
8014
8053
8015
8054
8016
8055
8017
8056
8018
8057
8019
8058
8020
8059
8021
8060
8022
8061
8023
8062
8024
8063
8025
8064
8026
8065
8027
8066
8028
8067
8029
8068
8030
8069
8031
8070
8032
8071
8033
8072
8034
8073
8035
8074
8036
8075
8037
8076
8038
8077
8039
8078
8079
8400
8041
8080
8042
8081
8043
8082
8044
8083
8045
8084
8046
8085
8047
8086
8048
8087
8049
8088
8050
8089
8051
8090
8052
8091
8053
8092
8054
8093
8055
8094
8056
8095
8057
8096
8058
8097
8059
8098
8060
8099
8061
8100
8062
8101
8063
8102
8064
8103
8065
8104
8066
8105
8067
8106
8068
8107
8069
8108
8070
8109
8071
8110
8072
8111
8073
8112
8074
8113
8075
8114
8076
8115
8077
8116
8078
8117
8079
8118
8119
8440
8081
8120
8082
8121
8083
8122
8084
8123
8085
8124
8086
8125
8087
8126
8088
8127
8089
8128
8090
8129
8091
8130
8092
8131
8093
8132
8094
8133
8095
8134
8096
8135
8097
8136
8098
8137
8099
8138
8100
8139
8101
8140
8102
8141
8103
8142
8104
8143
8105
8144
8106
8145
8107
8146
8108
8147
8109
8148
8110
8149
8111
8150
8112
8151
8113
8152
8114
8153
8115
8154
8116
8155
8117
8156
8118
8157
8119
8158
8159
8480
8121
8160
8122
8161
8123
8162
8124
8163
8125
8164
8126
8165
8127
8166
8128
8167
8129
8168
8130
8169
8131
8170
8132
8171
8133
8172
8134
8173
8135
8174
8136
8175
8137
8176
8138
8177
8139
8178
8140
8179
8141
8180
8142
8181
8143
8182
8144
8183
8145
8184
8146
8185
8147
8186
8148
8187
8149
8188
8150
8189
8151
8190
8152
8191
8153
8192
8154
8193
8155
8194
8156
8195
8157
8196
8158
8197
8159
8198
8199
8520
8161
8200
8162
8201
8163
8202
8164
8203
8165
8204
8166
8205
8167
8206
8168
8207
8169
8208
8170
8209
8171
8210
8172
8211
8173
8212
8174
8213
8175
8214
8176
8215
8177
8216
8178
8217
8179
8218
8180
8219
8181
8220
8182
8221
8183
8222
8184
8223
8185
8224
8186
8225
8187
8226
8188
8227
8189
8228
8190
8229
8191
8230
8192
8231
8193
8232
8194
8233
8195
8234
8196
8235
8197
8236
8198
8237
8199
8238
8239
8560
8201
8240
8202
8241
8203
8242
8204
8243
8205
8244
8206
8245
8207
8246
8208
8247
8209
8248
8210
8249
8211
8250
8212
8251
8213
8252
8214
8253
8215
8254
8216
8255
8217
8256
8218
8257
8219
8258
8220
8259
8221
8260
8222
8261
8223
8262
8224
8263
8225
8264
8226
8265
8227
8266
8228
8267
8229
8268
8230
8269
8231
8270
8232
8271
8233
8272
8234
8273
8235
8274
8236
8275
8237
8276
8238
8277
8239
8278
8279
8600
8241
8280
8242
8281
8243
8282
8244
8283
8245
8284
8246
8285
8247
8286
8248
8287
8249
8288
8250
8289
8251
8290
8252
8291
8253
8292
8254
8293
8255
8294
8256
8295
8257
8296
8258
8297
8259
8298
8260
8299
8261
8300
8262
8301
8263
8302
8264
8303
8265
8304
8266
8305
8267
8306
8268
8307
8269
8308
8270
8309
8271
8310
8272
8311
8273
8312
8274
8313
8275
8314
8276
8315
8277
8316
8278
8317
8279
8318
8319
8640
8281
8320
8282
8321
8283
8322
8284
8323
8285
8324
8286
8325
8287
8326
8288
8327
8289
8328
8290
8329
8291
8330
8292
8331
8293
8332
8294
8333
8295
8334
8296
8335
8297
8336
8298
8337
8299
8338
8300
8339
8301
8340
8302
8341
8303
8342
8304
8343
8305
8344
8306
8345
8307
8346
8308
8347
8309
8348
8310
8349
8311
8350
8312
8351
8313
8352
8314
8353
8315
8354
8316
8355
8317
8356
8318
8357
8319
8358
8359
8680
8321
8360
8322
8361
8323
8362
8324
8363
8325
8364
8326
8365
8327
8366
8328
8367
8329
8368
8330
8369
8331
8370
8332
8371
8333
8372
8334
8373
8335
8374
8336
8375
8337
8376
8338
8377
8339
8378
8340
8379
8341
8380
8342
8381
8343
8382
8344
8383
8345
8384
8346
8385
8347
8386
8348
8387
8349
8388
8350
8389
8351
8390
8352
8391
8353
8392
8354
8393
8355
8394
8356
8395
8357
8396
8358
8397
8359
8398
8399
8720
8361
8362
8363
8364
8365
8366
8367
8368
8369
8370
8371
8372
8373
8374
8375
8376
8377
8378
8379
8380
8381
8382
8383
8384
8385
8386
8387
8388
8389
8390
8391
8392
8393
8394
8395
8396
8397
8398
8399
8760
8401
8440
8402
8441
8403
8442
8404
8443
8405
8444
8406
8445
8407
8446
8408
8447
8409
8448
8410
8449
8411
8450
8412
8451
8413
8452
8414
8453
8415
8454
8416
8455
8417
8456
8418
8457
8419
8458
8420
8459
8421
8460
8422
8461
8423
8462
8424
8463
8425
8464
8426
8465
8427
8466
8428
8467
8429
8468
8430
8469
8431
8470
8432
8471
8433
8472
8434
8473
8435
8474
8436
8475
8437
8476
8438
8477
8439
8478
8479
8800
8441
8480
8442
8481
8443
8482
8444
8483
8445
8484
8446
8485
8447
8486
8448
8487
8449
8488
8450
8489
8451
8490
8452
8491
8453
8492
8454
8493
8455
8494
8456
8495
8457
8496
8458
8497
8459
8498
8460
8499
8461
8500
8462
8501
8463
8502
8464
8503
8465
8504
8466
8505
8467
8506
8468
8507
8469
8508
8470
8509
8471
8510
8472
8511
8473
8512
8474
8513
8475
8514
8476
8515
8477
8516
8478
8517
8479
8518
8519
8840
8481
8520
8482
8521
8483
8522
8484
8523
8485
8524
8486
8525
8487
8526
8488
8527
8489
8528
8490
8529
8491
8530
8492
8531
8493
8532
8494
8533
8495
8534
8496
8535
8497
8536
8498
8537
8499
8538
8500
8539
8501
8540
8502
8541
8503
8542
8504
8543
8505
8544
8506
8545
8507
8546
8508
8547
8509
8548
8510
8549
8511
8550
8512
8551
8513
8552
8514
8553
8515
8554
8516
8555
8517
8556
8518
8557
8519
8558
8559
8880
8521
8560
8522
8561
8523
8562
8524
8563
8525
8564
8526
8565
8527
8566
8528
8567
8529
8568
8530
8569
8531
8570
8532
8571
8533
8572
8534
8573
8535
8574
8536
8575
8537
8576
8538
8577
8539
8578
8540
8579
8541
8580
8542
8581
8543
8582
8544
8583
8545
8584
8546
8585
8547
8586
8548
8587
8549
8588
8550
8589
8551
8590
8552
8591
8553
8592
8554
8593
8555
8594
8556
8595
8557
8596
8558
8597
8559
8598
8599
8920
8561
8600
8562
8601
8563
8602
8564
8603
8565
8604
8566
8605
8567
8606
8568
8607
8569
8608
8570
8609
8571
8610
8572
8611
8573
8612
8574
8613
8575
8614
8576
8615
8577
8616
8578
8617
8579
8618
8580
8619
8581
8620
8582
8621
8583
8622
8584
8623
8585
8624
8586
8625
8587
8626
8588
8627
8589
8628
8590
8629
8591
8630
8592
8631
8593
8632
8594
8633
8595
8634
8596
8635
8597
8636
8598
8637
8599
8638
8639
8960
8601
8640
8602
8641
8603
8642
8604
8643
8605
8644
8606
8645
8607
8646
8608
8647
8609
8648
8610
8649
8611
8650
8612
8651
8613
8652
8614
8653
8615
8654
8616
8655
8617
8656
8618
8657
8619
8658
8620
8659
8621
8660
8622
8661
8623
8662
8624
8663
8625
8664
8626
8665
8627
8666
8628
8667
8629
8668
8630
8669
8631
8670
8632
8671
8633
8672
8634
8673
8635
8674
8636
8675
8637
8676
8638
8677
8639
8678
8679
9000
8641
8680
8642
8681
8643
8682
8644
8683
8645
8684
8646
8685
8647
8686
8648
8687
8649
8688
8650
8689
8651
8690
8652
8691
8653
8692
8654
8693
8655
8694
8656
8695
8657
8696
8658
8697
8659
8698
8660
8699
8661
8700
8662
8701
8663
8702
8664
8703
8665
8704
8666
8705
8667
8706
8668
8707
8669
8708
8670
8709
8671
8710
8672
8711
8673
8712
8674
8713
8675
8714
8676
8715
8677
8716
8678
8717
8679
8718
8719
9040
8681
8720
8682
8721
8683
8722
8684
8723
8685
8724
8686
8725
8687
8726
8688
8727
8689
8728
8690
8729
8691
8730
8692
8731
8693
8732
8694
8733
8695
8734
8696
8735
8697
8736
8698
8737
8699
8738
8700
8739
8701
8740
8702
8741
8703
8742
8704
8743
8705
8744
8706
8745
8707
8746
8708
8747
8709
8748
8710
8749
8711
8750
8712
8751
8713
8752
8714
8753
8715
8754
8716
8755
8717
8756
8718
8757
8719
8758
8759
9080
8721
8760
8722
8761
8723
8762
8724
8763
8725
8764
8726
8765
8727
8766
8728
8767
8729
8768
8730
8769
8731
8770
8732
8771
8733
8772
8734
8773
8735
8774
8736
8775
8737
8776
8738
8777
8739
8778
8740
8779
8741
8780
8742
8781
8743
8782
8744
8783
8745
8784
8746
8785
8747
8786
8748
8787
8749
8788
8750
8789
8751
8790
8752
8791
8753
8792
8754
8793
8755
8794
8756
8795
8757
8796
8758
8797
8759
8798
8799
9120
8761
8762
8763
8764
8765
8766
8767
8768
8769
8770
8771
8772
8773
8774
8775
8776
8777
8778
8779
8780
8781
8782
8783
8784
8785
8786
8787
8788
8789
8790
8791
8792
8793
8794
8795
8796
8797
8798
8799
9160
8801
8840
8802
8841
8803
8842
8804
8843
8805
8844
8806
8845
8807
8846
8808
8847
8809
8848
8810
8849
8811
8850
8812
8851
8813
8852
8814
8853
8815
8854
8816
8855
8817
8856
8818
8857
8819
8858
8820
8859
8821
8860
8822
8861
8823
8862
8824
8863
8825
8864
8826
8865
8827
8866
8828
8867
8829
8868
8830
8869
8831
8870
8832
8871
8833
8872
8834
8873
8835
8874
8836
8875
8837
8876
8838
8877
8839
8878
8879
8841
8880
8842
8881
8843
8882
8844
8883
8845
8884
8846
8885
8847
8886
8848
8887
8849
8888
8850
8889
8851
8890
8852
8891
8853
8892
8854
8893
8855
8894
8856
8895
8857
8896
8858
8897
8859
8898
8860
8899
8861
8900
8862
8901
8863
8902
8864
8903
8865
8904
8866
8905
8867
8906
8868
8907
8869
8908
8870
8909
8871
8910
8872
8911
8873
8912
8874
8913
8875
8914
8876
8915
8877
8916
8878
8917
8879
8918
8919
8881
8920
8882
8921
8883
8922
8884
8923
8885
8924
8886
8925
8887
8926
8888
8927
8889
8928
8890
8929
8891
8930
8892
8931
8893
8932
8894
8933
8895
8934
8896
8935
8897
8936
8898
8937
8899
8938
8900
8939
8901
8940
8902
8941
8903
8942
8904
8943
8905
8944
8906
8945
8907
8946
8908
8947
8909
8948
8910
8949
8911
8950
8912
8951
8913
8952
8914
8953
8915
8954
8916
8955
8917
8956
8918
8957
8919
8958
8959
8921
8960
8922
8961
8923
8962
8924
8963
8925
8964
8926
8965
8927
8966
8928
8967
8929
8968
8930
8969
8931
8970
8932
8971
8933
8972
8934
8973
8935
8974
8936
8975
8937
8976
8938
8977
8939
8978
8940
8979
8941
8980
8942
8981
8943
8982
8944
8983
8945
8984
8946
8985
8947
8986
8948
8987
8949
8988
8950
8989
8951
8990
8952
8991
8953
8992
8954
8993
8955
8994
8956
8995
8957
8996
8958
8997
8959
8998
8999
8961
9000
8962
9001
8963
9002
8964
9003
8965
9004
8966
9005
8967
9006
8968
9007
8969
9008
8970
9009
8971
9010
8972
9011
8973
9012
8974
9013
8975
9014
8976
9015
8977
9016
8978
9017
8979
9018
8980
9019
8981
9020
8982
9021
8983
9022
8984
9023
8985
9024
8986
9025
8987
9026
8988
9027
8989
9028
8990
9029
8991
9030
8992
9031
8993
9032
8994
9033
8995
9034
8996
9035
8997
9036
8998
9037
8999
9038
9039
9001
9040
9002
9041
9003
9042
9004
9043
9005
9044
9006
9045
9007
9046
9008
9047
9009
9048
9010
9049
9011
9050
9012
9051
9013
9052
9014
9053
9015
9054
9016
9055
9017
9056
9018
9057
9019
9058
9020
9059
9021
9060
9022
9061
9023
9062
9024
9063
9025
9064
9026
9065
9027
9066
9028
9067
9029
9068
9030
9069
9031
9070
9032
9071
9033
9072
9034
9073
9035
9074
9036
9075
9037
9076
9038
9077
9039
9078
9079
9041
9080
9042
9081
9043
9082
9044
9083
9045
9084
9046
9085
9047
9086
9048
9087
9049
9088
9050
9089
9051
9090
9052
9091
9053
9092
9054
9093
9055
9094
9056
9095
9057
9096
9058
9097
9059
9098
9060
9099
9061
9100
9062
9101
9063
9102
9064
9103
9065
9104
9066
9105
9067
9106
9068
9107
9069
9108
9070
9109
9071
9110
9072
9111
9073
9112
9074
9113
9075
9114
9076
9115
9077
9116
9078
9117
9079
9118
9119
9081
9120
9082
9121
9083
9122
9084
9123
9085
9124
9086
9125
9087
9126
9088
9127
9089
9128
9090
9129
9091
9130
9092
9131
9093
9132
9094
9133
9095
9134
9096
9135
9097
9136
9098
9137
9099
9138
9100
9139
9101
9140
9102
9141
9103
9142
9104
9143
9105
9144
9106
9145
9107
9146
9108
9147
9109
9148
9110
9149
9111
9150
9112
9151
9113
9152
9114
9153
9115
9154
9116
9155
9117
9156
9118
9157
9119
9158
9159
9121
9160
9122
9161
9123
9162
9124
9163
9125
9164
9126
9165
9127
9166
9128
9167
9129
9168
9130
9169
9131
9170
9132
9171
9133
9172
9134
9173
9135
9174
9136
9175
9137
9176
9138
9177
9139
9178
9140
9179
9141
9180
9142
9181
9143
9182
9144
9183
9145
9184
9146
9185
9147
9186
9148
9187
9149
9188
9150
9189
9151
9190
9152
9191
9153
9192
9154
9193
9155
9194
9156
9195
9157
9196
9158
9197
9159
9198
9199
9161
9162
9163
9164
9165
9166
9167
9168
9169
9170
9171
9172
9173
9174
9175
9176
9177
9178
9179
9180
9181
9182
9183
9184
9185
9186
9187
9188
9189
9190
9191
9192
9193
9194
9195
9196
9197
9198
9199
)


// ************************************************************************* //
