/*--------------------------------*- C++ -*----------------------------------*\
| =========                 |                                                 |
| \\      /  F ield         | OpenFOAM: The Open Source CFD Toolbox           |
|  \\    /   O peration     | Version:  2.1.0                                 |
|   \\  /    A nd           | Web:      www.OpenFOAM.org                      |
|    \\/     M anipulation  |                                                 |
\*---------------------------------------------------------------------------*/
FoamFile
{
    version     2.0;
    format      ascii;
    class       labelList;
    note        "nPoints: 11460 nCells: 5550 nFaces: 22380 nInternalFaces: 10920";
    location    "constant/polyMesh";
    object      neighbour;
}
// * * * * * * * * * * * * * * * * * * * * * * * * * * * * * * * * * * * * * //


10920
(
1
20
2
21
3
22
4
23
5
24
6
25
7
26
8
27
9
28
10
29
11
30
12
31
13
32
14
33
15
34
16
35
17
36
18
37
19
38
39
1200
21
40
22
41
23
42
24
43
25
44
26
45
27
46
28
47
29
48
30
49
31
50
32
51
33
52
34
53
35
54
36
55
37
56
38
57
39
58
59
1210
41
60
42
61
43
62
44
63
45
64
46
65
47
66
48
67
49
68
50
69
51
70
52
71
53
72
54
73
55
74
56
75
57
76
58
77
59
78
79
1220
61
80
62
81
63
82
64
83
65
84
66
85
67
86
68
87
69
88
70
89
71
90
72
91
73
92
74
93
75
94
76
95
77
96
78
97
79
98
99
1230
81
100
82
101
83
102
84
103
85
104
86
105
87
106
88
107
89
108
90
109
91
110
92
111
93
112
94
113
95
114
96
115
97
116
98
117
99
118
119
1240
101
120
102
121
103
122
104
123
105
124
106
125
107
126
108
127
109
128
110
129
111
130
112
131
113
132
114
133
115
134
116
135
117
136
118
137
119
138
139
1250
121
140
122
141
123
142
124
143
125
144
126
145
127
146
128
147
129
148
130
149
131
150
132
151
133
152
134
153
135
154
136
155
137
156
138
157
139
158
159
1260
141
160
142
161
143
162
144
163
145
164
146
165
147
166
148
167
149
168
150
169
151
170
152
171
153
172
154
173
155
174
156
175
157
176
158
177
159
178
179
1270
161
180
162
181
163
182
164
183
165
184
166
185
167
186
168
187
169
188
170
189
171
190
172
191
173
192
174
193
175
194
176
195
177
196
178
197
179
198
199
1280
181
200
182
201
183
202
184
203
185
204
186
205
187
206
188
207
189
208
190
209
191
210
192
211
193
212
194
213
195
214
196
215
197
216
198
217
199
218
219
1290
201
220
202
221
203
222
204
223
205
224
206
225
207
226
208
227
209
228
210
229
211
230
212
231
213
232
214
233
215
234
216
235
217
236
218
237
219
238
239
1300
221
240
222
241
223
242
224
243
225
244
226
245
227
246
228
247
229
248
230
249
231
250
232
251
233
252
234
253
235
254
236
255
237
256
238
257
239
258
259
1310
241
260
242
261
243
262
244
263
245
264
246
265
247
266
248
267
249
268
250
269
251
270
252
271
253
272
254
273
255
274
256
275
257
276
258
277
259
278
279
1320
261
280
262
281
263
282
264
283
265
284
266
285
267
286
268
287
269
288
270
289
271
290
272
291
273
292
274
293
275
294
276
295
277
296
278
297
279
298
299
1330
281
300
282
301
283
302
284
303
285
304
286
305
287
306
288
307
289
308
290
309
291
310
292
311
293
312
294
313
295
314
296
315
297
316
298
317
299
318
319
1340
301
320
302
321
303
322
304
323
305
324
306
325
307
326
308
327
309
328
310
329
311
330
312
331
313
332
314
333
315
334
316
335
317
336
318
337
319
338
339
1350
321
340
322
341
323
342
324
343
325
344
326
345
327
346
328
347
329
348
330
349
331
350
332
351
333
352
334
353
335
354
336
355
337
356
338
357
339
358
359
1360
341
360
342
361
343
362
344
363
345
364
346
365
347
366
348
367
349
368
350
369
351
370
352
371
353
372
354
373
355
374
356
375
357
376
358
377
359
378
379
1370
361
380
362
381
363
382
364
383
365
384
366
385
367
386
368
387
369
388
370
389
371
390
372
391
373
392
374
393
375
394
376
395
377
396
378
397
379
398
399
1380
381
400
382
401
383
402
384
403
385
404
386
405
387
406
388
407
389
408
390
409
391
410
392
411
393
412
394
413
395
414
396
415
397
416
398
417
399
418
419
1390
401
420
402
421
403
422
404
423
405
424
406
425
407
426
408
427
409
428
410
429
411
430
412
431
413
432
414
433
415
434
416
435
417
436
418
437
419
438
439
1400
421
440
422
441
423
442
424
443
425
444
426
445
427
446
428
447
429
448
430
449
431
450
432
451
433
452
434
453
435
454
436
455
437
456
438
457
439
458
459
1410
441
460
442
461
443
462
444
463
445
464
446
465
447
466
448
467
449
468
450
469
451
470
452
471
453
472
454
473
455
474
456
475
457
476
458
477
459
478
479
1420
461
480
462
481
463
482
464
483
465
484
466
485
467
486
468
487
469
488
470
489
471
490
472
491
473
492
474
493
475
494
476
495
477
496
478
497
479
498
499
1430
481
500
482
501
483
502
484
503
485
504
486
505
487
506
488
507
489
508
490
509
491
510
492
511
493
512
494
513
495
514
496
515
497
516
498
517
499
518
519
1440
501
520
502
521
503
522
504
523
505
524
506
525
507
526
508
527
509
528
510
529
511
530
512
531
513
532
514
533
515
534
516
535
517
536
518
537
519
538
539
1450
521
540
522
541
523
542
524
543
525
544
526
545
527
546
528
547
529
548
530
549
531
550
532
551
533
552
534
553
535
554
536
555
537
556
538
557
539
558
559
1460
541
560
542
561
543
562
544
563
545
564
546
565
547
566
548
567
549
568
550
569
551
570
552
571
553
572
554
573
555
574
556
575
557
576
558
577
559
578
579
1470
561
580
562
581
563
582
564
583
565
584
566
585
567
586
568
587
569
588
570
589
571
590
572
591
573
592
574
593
575
594
576
595
577
596
578
597
579
598
599
1480
581
600
582
601
583
602
584
603
585
604
586
605
587
606
588
607
589
608
590
609
591
610
592
611
593
612
594
613
595
614
596
615
597
616
598
617
599
618
619
1490
601
620
602
621
603
622
604
623
605
624
606
625
607
626
608
627
609
628
610
629
611
630
612
631
613
632
614
633
615
634
616
635
617
636
618
637
619
638
639
1500
621
640
622
641
623
642
624
643
625
644
626
645
627
646
628
647
629
648
630
649
631
650
632
651
633
652
634
653
635
654
636
655
637
656
638
657
639
658
659
1510
641
660
642
661
643
662
644
663
645
664
646
665
647
666
648
667
649
668
650
669
651
670
652
671
653
672
654
673
655
674
656
675
657
676
658
677
659
678
679
1520
661
680
662
681
663
682
664
683
665
684
666
685
667
686
668
687
669
688
670
689
671
690
672
691
673
692
674
693
675
694
676
695
677
696
678
697
679
698
699
1530
681
700
682
701
683
702
684
703
685
704
686
705
687
706
688
707
689
708
690
709
691
710
692
711
693
712
694
713
695
714
696
715
697
716
698
717
699
718
719
1540
701
720
702
721
703
722
704
723
705
724
706
725
707
726
708
727
709
728
710
729
711
730
712
731
713
732
714
733
715
734
716
735
717
736
718
737
719
738
739
1550
721
740
722
741
723
742
724
743
725
744
726
745
727
746
728
747
729
748
730
749
731
750
732
751
733
752
734
753
735
754
736
755
737
756
738
757
739
758
759
1560
741
760
742
761
743
762
744
763
745
764
746
765
747
766
748
767
749
768
750
769
751
770
752
771
753
772
754
773
755
774
756
775
757
776
758
777
759
778
779
1570
761
780
762
781
763
782
764
783
765
784
766
785
767
786
768
787
769
788
770
789
771
790
772
791
773
792
774
793
775
794
776
795
777
796
778
797
779
798
799
1580
781
800
782
801
783
802
784
803
785
804
786
805
787
806
788
807
789
808
790
809
791
810
792
811
793
812
794
813
795
814
796
815
797
816
798
817
799
818
819
1590
801
820
802
821
803
822
804
823
805
824
806
825
807
826
808
827
809
828
810
829
811
830
812
831
813
832
814
833
815
834
816
835
817
836
818
837
819
838
839
1600
821
840
822
841
823
842
824
843
825
844
826
845
827
846
828
847
829
848
830
849
831
850
832
851
833
852
834
853
835
854
836
855
837
856
838
857
839
858
859
1610
841
860
842
861
843
862
844
863
845
864
846
865
847
866
848
867
849
868
850
869
851
870
852
871
853
872
854
873
855
874
856
875
857
876
858
877
859
878
879
1620
861
880
862
881
863
882
864
883
865
884
866
885
867
886
868
887
869
888
870
889
871
890
872
891
873
892
874
893
875
894
876
895
877
896
878
897
879
898
899
1630
881
900
882
901
883
902
884
903
885
904
886
905
887
906
888
907
889
908
890
909
891
910
892
911
893
912
894
913
895
914
896
915
897
916
898
917
899
918
919
1640
901
920
902
921
903
922
904
923
905
924
906
925
907
926
908
927
909
928
910
929
911
930
912
931
913
932
914
933
915
934
916
935
917
936
918
937
919
938
939
1650
921
940
922
941
923
942
924
943
925
944
926
945
927
946
928
947
929
948
930
949
931
950
932
951
933
952
934
953
935
954
936
955
937
956
938
957
939
958
959
1660
941
960
942
961
943
962
944
963
945
964
946
965
947
966
948
967
949
968
950
969
951
970
952
971
953
972
954
973
955
974
956
975
957
976
958
977
959
978
979
1670
961
980
962
981
963
982
964
983
965
984
966
985
967
986
968
987
969
988
970
989
971
990
972
991
973
992
974
993
975
994
976
995
977
996
978
997
979
998
999
1680
981
1000
982
1001
983
1002
984
1003
985
1004
986
1005
987
1006
988
1007
989
1008
990
1009
991
1010
992
1011
993
1012
994
1013
995
1014
996
1015
997
1016
998
1017
999
1018
1019
1690
1001
1020
1002
1021
1003
1022
1004
1023
1005
1024
1006
1025
1007
1026
1008
1027
1009
1028
1010
1029
1011
1030
1012
1031
1013
1032
1014
1033
1015
1034
1016
1035
1017
1036
1018
1037
1019
1038
1039
1700
1021
1040
1022
1041
1023
1042
1024
1043
1025
1044
1026
1045
1027
1046
1028
1047
1029
1048
1030
1049
1031
1050
1032
1051
1033
1052
1034
1053
1035
1054
1036
1055
1037
1056
1038
1057
1039
1058
1059
1710
1041
1060
1042
1061
1043
1062
1044
1063
1045
1064
1046
1065
1047
1066
1048
1067
1049
1068
1050
1069
1051
1070
1052
1071
1053
1072
1054
1073
1055
1074
1056
1075
1057
1076
1058
1077
1059
1078
1079
1720
1061
1080
1062
1081
1063
1082
1064
1083
1065
1084
1066
1085
1067
1086
1068
1087
1069
1088
1070
1089
1071
1090
1072
1091
1073
1092
1074
1093
1075
1094
1076
1095
1077
1096
1078
1097
1079
1098
1099
1730
1081
1100
1082
1101
1083
1102
1084
1103
1085
1104
1086
1105
1087
1106
1088
1107
1089
1108
1090
1109
1091
1110
1092
1111
1093
1112
1094
1113
1095
1114
1096
1115
1097
1116
1098
1117
1099
1118
1119
1740
1101
1120
1102
1121
1103
1122
1104
1123
1105
1124
1106
1125
1107
1126
1108
1127
1109
1128
1110
1129
1111
1130
1112
1131
1113
1132
1114
1133
1115
1134
1116
1135
1117
1136
1118
1137
1119
1138
1139
1750
1121
1140
1122
1141
1123
1142
1124
1143
1125
1144
1126
1145
1127
1146
1128
1147
1129
1148
1130
1149
1131
1150
1132
1151
1133
1152
1134
1153
1135
1154
1136
1155
1137
1156
1138
1157
1139
1158
1159
1760
1141
1160
1142
1161
1143
1162
1144
1163
1145
1164
1146
1165
1147
1166
1148
1167
1149
1168
1150
1169
1151
1170
1152
1171
1153
1172
1154
1173
1155
1174
1156
1175
1157
1176
1158
1177
1159
1178
1179
1770
1161
1180
1162
1181
1163
1182
1164
1183
1165
1184
1166
1185
1167
1186
1168
1187
1169
1188
1170
1189
1171
1190
1172
1191
1173
1192
1174
1193
1175
1194
1176
1195
1177
1196
1178
1197
1179
1198
1199
1780
1181
1182
1183
1184
1185
1186
1187
1188
1189
1190
1191
1192
1193
1194
1195
1196
1197
1198
1199
1790
1201
1210
1202
1211
1203
1212
1204
1213
1205
1214
1206
1215
1207
1216
1208
1217
1209
1218
1219
1800
1211
1220
1212
1221
1213
1222
1214
1223
1215
1224
1216
1225
1217
1226
1218
1227
1219
1228
1229
1815
1221
1230
1222
1231
1223
1232
1224
1233
1225
1234
1226
1235
1227
1236
1228
1237
1229
1238
1239
1830
1231
1240
1232
1241
1233
1242
1234
1243
1235
1244
1236
1245
1237
1246
1238
1247
1239
1248
1249
1845
1241
1250
1242
1251
1243
1252
1244
1253
1245
1254
1246
1255
1247
1256
1248
1257
1249
1258
1259
1860
1251
1260
1252
1261
1253
1262
1254
1263
1255
1264
1256
1265
1257
1266
1258
1267
1259
1268
1269
1875
1261
1270
1262
1271
1263
1272
1264
1273
1265
1274
1266
1275
1267
1276
1268
1277
1269
1278
1279
1890
1271
1280
1272
1281
1273
1282
1274
1283
1275
1284
1276
1285
1277
1286
1278
1287
1279
1288
1289
1905
1281
1290
1282
1291
1283
1292
1284
1293
1285
1294
1286
1295
1287
1296
1288
1297
1289
1298
1299
1920
1291
1300
1292
1301
1293
1302
1294
1303
1295
1304
1296
1305
1297
1306
1298
1307
1299
1308
1309
1935
1301
1310
1302
1311
1303
1312
1304
1313
1305
1314
1306
1315
1307
1316
1308
1317
1309
1318
1319
1950
1311
1320
1312
1321
1313
1322
1314
1323
1315
1324
1316
1325
1317
1326
1318
1327
1319
1328
1329
1965
1321
1330
1322
1331
1323
1332
1324
1333
1325
1334
1326
1335
1327
1336
1328
1337
1329
1338
1339
1980
1331
1340
1332
1341
1333
1342
1334
1343
1335
1344
1336
1345
1337
1346
1338
1347
1339
1348
1349
1995
1341
1350
1342
1351
1343
1352
1344
1353
1345
1354
1346
1355
1347
1356
1348
1357
1349
1358
1359
2010
1351
1360
1352
1361
1353
1362
1354
1363
1355
1364
1356
1365
1357
1366
1358
1367
1359
1368
1369
2025
1361
1370
1362
1371
1363
1372
1364
1373
1365
1374
1366
1375
1367
1376
1368
1377
1369
1378
1379
2040
1371
1380
1372
1381
1373
1382
1374
1383
1375
1384
1376
1385
1377
1386
1378
1387
1379
1388
1389
2055
1381
1390
1382
1391
1383
1392
1384
1393
1385
1394
1386
1395
1387
1396
1388
1397
1389
1398
1399
2070
1391
1400
1392
1401
1393
1402
1394
1403
1395
1404
1396
1405
1397
1406
1398
1407
1399
1408
1409
2085
1401
1410
1402
1411
1403
1412
1404
1413
1405
1414
1406
1415
1407
1416
1408
1417
1409
1418
1419
2100
1411
1420
1412
1421
1413
1422
1414
1423
1415
1424
1416
1425
1417
1426
1418
1427
1419
1428
1429
2115
1421
1430
1422
1431
1423
1432
1424
1433
1425
1434
1426
1435
1427
1436
1428
1437
1429
1438
1439
2130
1431
1440
1432
1441
1433
1442
1434
1443
1435
1444
1436
1445
1437
1446
1438
1447
1439
1448
1449
2145
1441
1450
1442
1451
1443
1452
1444
1453
1445
1454
1446
1455
1447
1456
1448
1457
1449
1458
1459
2160
1451
1460
1452
1461
1453
1462
1454
1463
1455
1464
1456
1465
1457
1466
1458
1467
1459
1468
1469
1461
1470
1462
1471
1463
1472
1464
1473
1465
1474
1466
1475
1467
1476
1468
1477
1469
1478
1479
1471
1480
1472
1481
1473
1482
1474
1483
1475
1484
1476
1485
1477
1486
1478
1487
1479
1488
1489
1481
1490
1482
1491
1483
1492
1484
1493
1485
1494
1486
1495
1487
1496
1488
1497
1489
1498
1499
1491
1500
1492
1501
1493
1502
1494
1503
1495
1504
1496
1505
1497
1506
1498
1507
1499
1508
1509
1501
1510
1502
1511
1503
1512
1504
1513
1505
1514
1506
1515
1507
1516
1508
1517
1509
1518
1519
1511
1520
1512
1521
1513
1522
1514
1523
1515
1524
1516
1525
1517
1526
1518
1527
1519
1528
1529
1521
1530
1522
1531
1523
1532
1524
1533
1525
1534
1526
1535
1527
1536
1528
1537
1529
1538
1539
1531
1540
1532
1541
1533
1542
1534
1543
1535
1544
1536
1545
1537
1546
1538
1547
1539
1548
1549
1541
1550
1542
1551
1543
1552
1544
1553
1545
1554
1546
1555
1547
1556
1548
1557
1549
1558
1559
1551
1560
1552
1561
1553
1562
1554
1563
1555
1564
1556
1565
1557
1566
1558
1567
1559
1568
1569
2175
1561
1570
1562
1571
1563
1572
1564
1573
1565
1574
1566
1575
1567
1576
1568
1577
1569
1578
1579
2190
1571
1580
1572
1581
1573
1582
1574
1583
1575
1584
1576
1585
1577
1586
1578
1587
1579
1588
1589
2205
1581
1590
1582
1591
1583
1592
1584
1593
1585
1594
1586
1595
1587
1596
1588
1597
1589
1598
1599
2220
1591
1600
1592
1601
1593
1602
1594
1603
1595
1604
1596
1605
1597
1606
1598
1607
1599
1608
1609
2235
1601
1610
1602
1611
1603
1612
1604
1613
1605
1614
1606
1615
1607
1616
1608
1617
1609
1618
1619
2250
1611
1620
1612
1621
1613
1622
1614
1623
1615
1624
1616
1625
1617
1626
1618
1627
1619
1628
1629
2265
1621
1630
1622
1631
1623
1632
1624
1633
1625
1634
1626
1635
1627
1636
1628
1637
1629
1638
1639
2280
1631
1640
1632
1641
1633
1642
1634
1643
1635
1644
1636
1645
1637
1646
1638
1647
1639
1648
1649
2295
1641
1650
1642
1651
1643
1652
1644
1653
1645
1654
1646
1655
1647
1656
1648
1657
1649
1658
1659
2310
1651
1660
1652
1661
1653
1662
1654
1663
1655
1664
1656
1665
1657
1666
1658
1667
1659
1668
1669
2325
1661
1670
1662
1671
1663
1672
1664
1673
1665
1674
1666
1675
1667
1676
1668
1677
1669
1678
1679
2340
1671
1680
1672
1681
1673
1682
1674
1683
1675
1684
1676
1685
1677
1686
1678
1687
1679
1688
1689
2355
1681
1690
1682
1691
1683
1692
1684
1693
1685
1694
1686
1695
1687
1696
1688
1697
1689
1698
1699
2370
1691
1700
1692
1701
1693
1702
1694
1703
1695
1704
1696
1705
1697
1706
1698
1707
1699
1708
1709
2385
1701
1710
1702
1711
1703
1712
1704
1713
1705
1714
1706
1715
1707
1716
1708
1717
1709
1718
1719
2400
1711
1720
1712
1721
1713
1722
1714
1723
1715
1724
1716
1725
1717
1726
1718
1727
1719
1728
1729
2415
1721
1730
1722
1731
1723
1732
1724
1733
1725
1734
1726
1735
1727
1736
1728
1737
1729
1738
1739
2430
1731
1740
1732
1741
1733
1742
1734
1743
1735
1744
1736
1745
1737
1746
1738
1747
1739
1748
1749
2445
1741
1750
1742
1751
1743
1752
1744
1753
1745
1754
1746
1755
1747
1756
1748
1757
1749
1758
1759
2460
1751
1760
1752
1761
1753
1762
1754
1763
1755
1764
1756
1765
1757
1766
1758
1767
1759
1768
1769
2475
1761
1770
1762
1771
1763
1772
1764
1773
1765
1774
1766
1775
1767
1776
1768
1777
1769
1778
1779
2490
1771
1780
1772
1781
1773
1782
1774
1783
1775
1784
1776
1785
1777
1786
1778
1787
1779
1788
1789
2505
1781
1790
1782
1791
1783
1792
1784
1793
1785
1794
1786
1795
1787
1796
1788
1797
1789
1798
1799
2520
1791
1792
1793
1794
1795
1796
1797
1798
1799
2535
1801
1815
1802
1816
1803
1817
1804
1818
1805
1819
1806
1820
1807
1821
1808
1822
1809
1823
1810
1824
1811
1825
1812
1826
1813
1827
1814
1828
1829
2550
1816
1830
1817
1831
1818
1832
1819
1833
1820
1834
1821
1835
1822
1836
1823
1837
1824
1838
1825
1839
1826
1840
1827
1841
1828
1842
1829
1843
1844
2560
1831
1845
1832
1846
1833
1847
1834
1848
1835
1849
1836
1850
1837
1851
1838
1852
1839
1853
1840
1854
1841
1855
1842
1856
1843
1857
1844
1858
1859
2570
1846
1860
1847
1861
1848
1862
1849
1863
1850
1864
1851
1865
1852
1866
1853
1867
1854
1868
1855
1869
1856
1870
1857
1871
1858
1872
1859
1873
1874
2580
1861
1875
1862
1876
1863
1877
1864
1878
1865
1879
1866
1880
1867
1881
1868
1882
1869
1883
1870
1884
1871
1885
1872
1886
1873
1887
1874
1888
1889
2590
1876
1890
1877
1891
1878
1892
1879
1893
1880
1894
1881
1895
1882
1896
1883
1897
1884
1898
1885
1899
1886
1900
1887
1901
1888
1902
1889
1903
1904
2600
1891
1905
1892
1906
1893
1907
1894
1908
1895
1909
1896
1910
1897
1911
1898
1912
1899
1913
1900
1914
1901
1915
1902
1916
1903
1917
1904
1918
1919
2610
1906
1920
1907
1921
1908
1922
1909
1923
1910
1924
1911
1925
1912
1926
1913
1927
1914
1928
1915
1929
1916
1930
1917
1931
1918
1932
1919
1933
1934
2620
1921
1935
1922
1936
1923
1937
1924
1938
1925
1939
1926
1940
1927
1941
1928
1942
1929
1943
1930
1944
1931
1945
1932
1946
1933
1947
1934
1948
1949
2630
1936
1950
1937
1951
1938
1952
1939
1953
1940
1954
1941
1955
1942
1956
1943
1957
1944
1958
1945
1959
1946
1960
1947
1961
1948
1962
1949
1963
1964
2640
1951
1965
1952
1966
1953
1967
1954
1968
1955
1969
1956
1970
1957
1971
1958
1972
1959
1973
1960
1974
1961
1975
1962
1976
1963
1977
1964
1978
1979
2650
1966
1980
1967
1981
1968
1982
1969
1983
1970
1984
1971
1985
1972
1986
1973
1987
1974
1988
1975
1989
1976
1990
1977
1991
1978
1992
1979
1993
1994
2660
1981
1995
1982
1996
1983
1997
1984
1998
1985
1999
1986
2000
1987
2001
1988
2002
1989
2003
1990
2004
1991
2005
1992
2006
1993
2007
1994
2008
2009
2670
1996
2010
1997
2011
1998
2012
1999
2013
2000
2014
2001
2015
2002
2016
2003
2017
2004
2018
2005
2019
2006
2020
2007
2021
2008
2022
2009
2023
2024
2680
2011
2025
2012
2026
2013
2027
2014
2028
2015
2029
2016
2030
2017
2031
2018
2032
2019
2033
2020
2034
2021
2035
2022
2036
2023
2037
2024
2038
2039
2690
2026
2040
2027
2041
2028
2042
2029
2043
2030
2044
2031
2045
2032
2046
2033
2047
2034
2048
2035
2049
2036
2050
2037
2051
2038
2052
2039
2053
2054
2700
2041
2055
2042
2056
2043
2057
2044
2058
2045
2059
2046
2060
2047
2061
2048
2062
2049
2063
2050
2064
2051
2065
2052
2066
2053
2067
2054
2068
2069
2710
2056
2070
2057
2071
2058
2072
2059
2073
2060
2074
2061
2075
2062
2076
2063
2077
2064
2078
2065
2079
2066
2080
2067
2081
2068
2082
2069
2083
2084
2720
2071
2085
2072
2086
2073
2087
2074
2088
2075
2089
2076
2090
2077
2091
2078
2092
2079
2093
2080
2094
2081
2095
2082
2096
2083
2097
2084
2098
2099
2730
2086
2100
2087
2101
2088
2102
2089
2103
2090
2104
2091
2105
2092
2106
2093
2107
2094
2108
2095
2109
2096
2110
2097
2111
2098
2112
2099
2113
2114
2740
2101
2115
2102
2116
2103
2117
2104
2118
2105
2119
2106
2120
2107
2121
2108
2122
2109
2123
2110
2124
2111
2125
2112
2126
2113
2127
2114
2128
2129
2750
2116
2130
2117
2131
2118
2132
2119
2133
2120
2134
2121
2135
2122
2136
2123
2137
2124
2138
2125
2139
2126
2140
2127
2141
2128
2142
2129
2143
2144
2760
2131
2145
2132
2146
2133
2147
2134
2148
2135
2149
2136
2150
2137
2151
2138
2152
2139
2153
2140
2154
2141
2155
2142
2156
2143
2157
2144
2158
2159
2770
2146
2160
2147
2161
2148
2162
2149
2163
2150
2164
2151
2165
2152
2166
2153
2167
2154
2168
2155
2169
2156
2170
2157
2171
2158
2172
2159
2173
2174
2780
2161
2162
2163
2164
2165
2166
2167
2168
2169
2170
2171
2172
2173
2174
2790
2176
2190
2177
2191
2178
2192
2179
2193
2180
2194
2181
2195
2182
2196
2183
2197
2184
2198
2185
2199
2186
2200
2187
2201
2188
2202
2189
2203
2204
2900
2191
2205
2192
2206
2193
2207
2194
2208
2195
2209
2196
2210
2197
2211
2198
2212
2199
2213
2200
2214
2201
2215
2202
2216
2203
2217
2204
2218
2219
2910
2206
2220
2207
2221
2208
2222
2209
2223
2210
2224
2211
2225
2212
2226
2213
2227
2214
2228
2215
2229
2216
2230
2217
2231
2218
2232
2219
2233
2234
2920
2221
2235
2222
2236
2223
2237
2224
2238
2225
2239
2226
2240
2227
2241
2228
2242
2229
2243
2230
2244
2231
2245
2232
2246
2233
2247
2234
2248
2249
2930
2236
2250
2237
2251
2238
2252
2239
2253
2240
2254
2241
2255
2242
2256
2243
2257
2244
2258
2245
2259
2246
2260
2247
2261
2248
2262
2249
2263
2264
2940
2251
2265
2252
2266
2253
2267
2254
2268
2255
2269
2256
2270
2257
2271
2258
2272
2259
2273
2260
2274
2261
2275
2262
2276
2263
2277
2264
2278
2279
2950
2266
2280
2267
2281
2268
2282
2269
2283
2270
2284
2271
2285
2272
2286
2273
2287
2274
2288
2275
2289
2276
2290
2277
2291
2278
2292
2279
2293
2294
2960
2281
2295
2282
2296
2283
2297
2284
2298
2285
2299
2286
2300
2287
2301
2288
2302
2289
2303
2290
2304
2291
2305
2292
2306
2293
2307
2294
2308
2309
2970
2296
2310
2297
2311
2298
2312
2299
2313
2300
2314
2301
2315
2302
2316
2303
2317
2304
2318
2305
2319
2306
2320
2307
2321
2308
2322
2309
2323
2324
2980
2311
2325
2312
2326
2313
2327
2314
2328
2315
2329
2316
2330
2317
2331
2318
2332
2319
2333
2320
2334
2321
2335
2322
2336
2323
2337
2324
2338
2339
2990
2326
2340
2327
2341
2328
2342
2329
2343
2330
2344
2331
2345
2332
2346
2333
2347
2334
2348
2335
2349
2336
2350
2337
2351
2338
2352
2339
2353
2354
3000
2341
2355
2342
2356
2343
2357
2344
2358
2345
2359
2346
2360
2347
2361
2348
2362
2349
2363
2350
2364
2351
2365
2352
2366
2353
2367
2354
2368
2369
3010
2356
2370
2357
2371
2358
2372
2359
2373
2360
2374
2361
2375
2362
2376
2363
2377
2364
2378
2365
2379
2366
2380
2367
2381
2368
2382
2369
2383
2384
3020
2371
2385
2372
2386
2373
2387
2374
2388
2375
2389
2376
2390
2377
2391
2378
2392
2379
2393
2380
2394
2381
2395
2382
2396
2383
2397
2384
2398
2399
3030
2386
2400
2387
2401
2388
2402
2389
2403
2390
2404
2391
2405
2392
2406
2393
2407
2394
2408
2395
2409
2396
2410
2397
2411
2398
2412
2399
2413
2414
3040
2401
2415
2402
2416
2403
2417
2404
2418
2405
2419
2406
2420
2407
2421
2408
2422
2409
2423
2410
2424
2411
2425
2412
2426
2413
2427
2414
2428
2429
3050
2416
2430
2417
2431
2418
2432
2419
2433
2420
2434
2421
2435
2422
2436
2423
2437
2424
2438
2425
2439
2426
2440
2427
2441
2428
2442
2429
2443
2444
3060
2431
2445
2432
2446
2433
2447
2434
2448
2435
2449
2436
2450
2437
2451
2438
2452
2439
2453
2440
2454
2441
2455
2442
2456
2443
2457
2444
2458
2459
3070
2446
2460
2447
2461
2448
2462
2449
2463
2450
2464
2451
2465
2452
2466
2453
2467
2454
2468
2455
2469
2456
2470
2457
2471
2458
2472
2459
2473
2474
3080
2461
2475
2462
2476
2463
2477
2464
2478
2465
2479
2466
2480
2467
2481
2468
2482
2469
2483
2470
2484
2471
2485
2472
2486
2473
2487
2474
2488
2489
3090
2476
2490
2477
2491
2478
2492
2479
2493
2480
2494
2481
2495
2482
2496
2483
2497
2484
2498
2485
2499
2486
2500
2487
2501
2488
2502
2489
2503
2504
3100
2491
2505
2492
2506
2493
2507
2494
2508
2495
2509
2496
2510
2497
2511
2498
2512
2499
2513
2500
2514
2501
2515
2502
2516
2503
2517
2504
2518
2519
3110
2506
2520
2507
2521
2508
2522
2509
2523
2510
2524
2511
2525
2512
2526
2513
2527
2514
2528
2515
2529
2516
2530
2517
2531
2518
2532
2519
2533
2534
3120
2521
2535
2522
2536
2523
2537
2524
2538
2525
2539
2526
2540
2527
2541
2528
2542
2529
2543
2530
2544
2531
2545
2532
2546
2533
2547
2534
2548
2549
3130
2536
2537
2538
2539
2540
2541
2542
2543
2544
2545
2546
2547
2548
2549
3140
2551
2560
2552
2561
2553
2562
2554
2563
2555
2564
2556
2565
2557
2566
2558
2567
2559
2568
2569
3150
2561
2570
2562
2571
2563
2572
2564
2573
2565
2574
2566
2575
2567
2576
2568
2577
2569
2578
2579
3190
2571
2580
2572
2581
2573
2582
2574
2583
2575
2584
2576
2585
2577
2586
2578
2587
2579
2588
2589
3230
2581
2590
2582
2591
2583
2592
2584
2593
2585
2594
2586
2595
2587
2596
2588
2597
2589
2598
2599
3270
2591
2600
2592
2601
2593
2602
2594
2603
2595
2604
2596
2605
2597
2606
2598
2607
2599
2608
2609
3310
2601
2610
2602
2611
2603
2612
2604
2613
2605
2614
2606
2615
2607
2616
2608
2617
2609
2618
2619
3350
2611
2620
2612
2621
2613
2622
2614
2623
2615
2624
2616
2625
2617
2626
2618
2627
2619
2628
2629
3390
2621
2630
2622
2631
2623
2632
2624
2633
2625
2634
2626
2635
2627
2636
2628
2637
2629
2638
2639
3430
2631
2640
2632
2641
2633
2642
2634
2643
2635
2644
2636
2645
2637
2646
2638
2647
2639
2648
2649
3470
2641
2650
2642
2651
2643
2652
2644
2653
2645
2654
2646
2655
2647
2656
2648
2657
2649
2658
2659
3510
2651
2660
2652
2661
2653
2662
2654
2663
2655
2664
2656
2665
2657
2666
2658
2667
2659
2668
2669
3550
2661
2670
2662
2671
2663
2672
2664
2673
2665
2674
2666
2675
2667
2676
2668
2677
2669
2678
2679
3590
2671
2680
2672
2681
2673
2682
2674
2683
2675
2684
2676
2685
2677
2686
2678
2687
2679
2688
2689
3630
2681
2690
2682
2691
2683
2692
2684
2693
2685
2694
2686
2695
2687
2696
2688
2697
2689
2698
2699
3670
2691
2700
2692
2701
2693
2702
2694
2703
2695
2704
2696
2705
2697
2706
2698
2707
2699
2708
2709
3710
2701
2710
2702
2711
2703
2712
2704
2713
2705
2714
2706
2715
2707
2716
2708
2717
2709
2718
2719
3750
2711
2720
2712
2721
2713
2722
2714
2723
2715
2724
2716
2725
2717
2726
2718
2727
2719
2728
2729
3790
2721
2730
2722
2731
2723
2732
2724
2733
2725
2734
2726
2735
2727
2736
2728
2737
2729
2738
2739
3830
2731
2740
2732
2741
2733
2742
2734
2743
2735
2744
2736
2745
2737
2746
2738
2747
2739
2748
2749
3870
2741
2750
2742
2751
2743
2752
2744
2753
2745
2754
2746
2755
2747
2756
2748
2757
2749
2758
2759
3910
2751
2760
2752
2761
2753
2762
2754
2763
2755
2764
2756
2765
2757
2766
2758
2767
2759
2768
2769
3950
2761
2770
2762
2771
2763
2772
2764
2773
2765
2774
2766
2775
2767
2776
2768
2777
2769
2778
2779
3990
2771
2780
2772
2781
2773
2782
2774
2783
2775
2784
2776
2785
2777
2786
2778
2787
2779
2788
2789
4030
2781
2790
2782
2791
2783
2792
2784
2793
2785
2794
2786
2795
2787
2796
2788
2797
2789
2798
2799
4070
2791
2800
2792
2801
2793
2802
2794
2803
2795
2804
2796
2805
2797
2806
2798
2807
2799
2808
2809
4110
2801
2810
2802
2811
2803
2812
2804
2813
2805
2814
2806
2815
2807
2816
2808
2817
2809
2818
2819
4150
2811
2820
2812
2821
2813
2822
2814
2823
2815
2824
2816
2825
2817
2826
2818
2827
2819
2828
2829
4190
2821
2830
2822
2831
2823
2832
2824
2833
2825
2834
2826
2835
2827
2836
2828
2837
2829
2838
2839
4230
2831
2840
2832
2841
2833
2842
2834
2843
2835
2844
2836
2845
2837
2846
2838
2847
2839
2848
2849
4270
2841
2850
2842
2851
2843
2852
2844
2853
2845
2854
2846
2855
2847
2856
2848
2857
2849
2858
2859
4310
2851
2860
2852
2861
2853
2862
2854
2863
2855
2864
2856
2865
2857
2866
2858
2867
2859
2868
2869
4350
2861
2870
2862
2871
2863
2872
2864
2873
2865
2874
2866
2875
2867
2876
2868
2877
2869
2878
2879
4390
2871
2880
2872
2881
2873
2882
2874
2883
2875
2884
2876
2885
2877
2886
2878
2887
2879
2888
2889
4430
2881
2890
2882
2891
2883
2892
2884
2893
2885
2894
2886
2895
2887
2896
2888
2897
2889
2898
2899
4470
2891
2900
2892
2901
2893
2902
2894
2903
2895
2904
2896
2905
2897
2906
2898
2907
2899
2908
2909
4510
2901
2910
2902
2911
2903
2912
2904
2913
2905
2914
2906
2915
2907
2916
2908
2917
2909
2918
2919
4550
2911
2920
2912
2921
2913
2922
2914
2923
2915
2924
2916
2925
2917
2926
2918
2927
2919
2928
2929
4590
2921
2930
2922
2931
2923
2932
2924
2933
2925
2934
2926
2935
2927
2936
2928
2937
2929
2938
2939
4630
2931
2940
2932
2941
2933
2942
2934
2943
2935
2944
2936
2945
2937
2946
2938
2947
2939
2948
2949
4670
2941
2950
2942
2951
2943
2952
2944
2953
2945
2954
2946
2955
2947
2956
2948
2957
2949
2958
2959
4710
2951
2960
2952
2961
2953
2962
2954
2963
2955
2964
2956
2965
2957
2966
2958
2967
2959
2968
2969
4750
2961
2970
2962
2971
2963
2972
2964
2973
2965
2974
2966
2975
2967
2976
2968
2977
2969
2978
2979
4790
2971
2980
2972
2981
2973
2982
2974
2983
2975
2984
2976
2985
2977
2986
2978
2987
2979
2988
2989
4830
2981
2990
2982
2991
2983
2992
2984
2993
2985
2994
2986
2995
2987
2996
2988
2997
2989
2998
2999
4870
2991
3000
2992
3001
2993
3002
2994
3003
2995
3004
2996
3005
2997
3006
2998
3007
2999
3008
3009
4910
3001
3010
3002
3011
3003
3012
3004
3013
3005
3014
3006
3015
3007
3016
3008
3017
3009
3018
3019
4950
3011
3020
3012
3021
3013
3022
3014
3023
3015
3024
3016
3025
3017
3026
3018
3027
3019
3028
3029
4990
3021
3030
3022
3031
3023
3032
3024
3033
3025
3034
3026
3035
3027
3036
3028
3037
3029
3038
3039
5030
3031
3040
3032
3041
3033
3042
3034
3043
3035
3044
3036
3045
3037
3046
3038
3047
3039
3048
3049
5070
3041
3050
3042
3051
3043
3052
3044
3053
3045
3054
3046
3055
3047
3056
3048
3057
3049
3058
3059
5110
3051
3060
3052
3061
3053
3062
3054
3063
3055
3064
3056
3065
3057
3066
3058
3067
3059
3068
3069
5150
3061
3070
3062
3071
3063
3072
3064
3073
3065
3074
3066
3075
3067
3076
3068
3077
3069
3078
3079
5190
3071
3080
3072
3081
3073
3082
3074
3083
3075
3084
3076
3085
3077
3086
3078
3087
3079
3088
3089
5230
3081
3090
3082
3091
3083
3092
3084
3093
3085
3094
3086
3095
3087
3096
3088
3097
3089
3098
3099
5270
3091
3100
3092
3101
3093
3102
3094
3103
3095
3104
3096
3105
3097
3106
3098
3107
3099
3108
3109
5310
3101
3110
3102
3111
3103
3112
3104
3113
3105
3114
3106
3115
3107
3116
3108
3117
3109
3118
3119
5350
3111
3120
3112
3121
3113
3122
3114
3123
3115
3124
3116
3125
3117
3126
3118
3127
3119
3128
3129
5390
3121
3130
3122
3131
3123
3132
3124
3133
3125
3134
3126
3135
3127
3136
3128
3137
3129
3138
3139
5430
3131
3140
3132
3141
3133
3142
3134
3143
3135
3144
3136
3145
3137
3146
3138
3147
3139
3148
3149
5470
3141
3142
3143
3144
3145
3146
3147
3148
3149
5510
3151
3190
3152
3191
3153
3192
3154
3193
3155
3194
3156
3195
3157
3196
3158
3197
3159
3198
3160
3199
3161
3200
3162
3201
3163
3202
3164
3203
3165
3204
3166
3205
3167
3206
3168
3207
3169
3208
3170
3209
3171
3210
3172
3211
3173
3212
3174
3213
3175
3214
3176
3215
3177
3216
3178
3217
3179
3218
3180
3219
3181
3220
3182
3221
3183
3222
3184
3223
3185
3224
3186
3225
3187
3226
3188
3227
3189
3228
3229
3191
3230
3192
3231
3193
3232
3194
3233
3195
3234
3196
3235
3197
3236
3198
3237
3199
3238
3200
3239
3201
3240
3202
3241
3203
3242
3204
3243
3205
3244
3206
3245
3207
3246
3208
3247
3209
3248
3210
3249
3211
3250
3212
3251
3213
3252
3214
3253
3215
3254
3216
3255
3217
3256
3218
3257
3219
3258
3220
3259
3221
3260
3222
3261
3223
3262
3224
3263
3225
3264
3226
3265
3227
3266
3228
3267
3229
3268
3269
3231
3270
3232
3271
3233
3272
3234
3273
3235
3274
3236
3275
3237
3276
3238
3277
3239
3278
3240
3279
3241
3280
3242
3281
3243
3282
3244
3283
3245
3284
3246
3285
3247
3286
3248
3287
3249
3288
3250
3289
3251
3290
3252
3291
3253
3292
3254
3293
3255
3294
3256
3295
3257
3296
3258
3297
3259
3298
3260
3299
3261
3300
3262
3301
3263
3302
3264
3303
3265
3304
3266
3305
3267
3306
3268
3307
3269
3308
3309
3271
3310
3272
3311
3273
3312
3274
3313
3275
3314
3276
3315
3277
3316
3278
3317
3279
3318
3280
3319
3281
3320
3282
3321
3283
3322
3284
3323
3285
3324
3286
3325
3287
3326
3288
3327
3289
3328
3290
3329
3291
3330
3292
3331
3293
3332
3294
3333
3295
3334
3296
3335
3297
3336
3298
3337
3299
3338
3300
3339
3301
3340
3302
3341
3303
3342
3304
3343
3305
3344
3306
3345
3307
3346
3308
3347
3309
3348
3349
3311
3350
3312
3351
3313
3352
3314
3353
3315
3354
3316
3355
3317
3356
3318
3357
3319
3358
3320
3359
3321
3360
3322
3361
3323
3362
3324
3363
3325
3364
3326
3365
3327
3366
3328
3367
3329
3368
3330
3369
3331
3370
3332
3371
3333
3372
3334
3373
3335
3374
3336
3375
3337
3376
3338
3377
3339
3378
3340
3379
3341
3380
3342
3381
3343
3382
3344
3383
3345
3384
3346
3385
3347
3386
3348
3387
3349
3388
3389
3351
3390
3352
3391
3353
3392
3354
3393
3355
3394
3356
3395
3357
3396
3358
3397
3359
3398
3360
3399
3361
3400
3362
3401
3363
3402
3364
3403
3365
3404
3366
3405
3367
3406
3368
3407
3369
3408
3370
3409
3371
3410
3372
3411
3373
3412
3374
3413
3375
3414
3376
3415
3377
3416
3378
3417
3379
3418
3380
3419
3381
3420
3382
3421
3383
3422
3384
3423
3385
3424
3386
3425
3387
3426
3388
3427
3389
3428
3429
3391
3430
3392
3431
3393
3432
3394
3433
3395
3434
3396
3435
3397
3436
3398
3437
3399
3438
3400
3439
3401
3440
3402
3441
3403
3442
3404
3443
3405
3444
3406
3445
3407
3446
3408
3447
3409
3448
3410
3449
3411
3450
3412
3451
3413
3452
3414
3453
3415
3454
3416
3455
3417
3456
3418
3457
3419
3458
3420
3459
3421
3460
3422
3461
3423
3462
3424
3463
3425
3464
3426
3465
3427
3466
3428
3467
3429
3468
3469
3431
3470
3432
3471
3433
3472
3434
3473
3435
3474
3436
3475
3437
3476
3438
3477
3439
3478
3440
3479
3441
3480
3442
3481
3443
3482
3444
3483
3445
3484
3446
3485
3447
3486
3448
3487
3449
3488
3450
3489
3451
3490
3452
3491
3453
3492
3454
3493
3455
3494
3456
3495
3457
3496
3458
3497
3459
3498
3460
3499
3461
3500
3462
3501
3463
3502
3464
3503
3465
3504
3466
3505
3467
3506
3468
3507
3469
3508
3509
3471
3510
3472
3511
3473
3512
3474
3513
3475
3514
3476
3515
3477
3516
3478
3517
3479
3518
3480
3519
3481
3520
3482
3521
3483
3522
3484
3523
3485
3524
3486
3525
3487
3526
3488
3527
3489
3528
3490
3529
3491
3530
3492
3531
3493
3532
3494
3533
3495
3534
3496
3535
3497
3536
3498
3537
3499
3538
3500
3539
3501
3540
3502
3541
3503
3542
3504
3543
3505
3544
3506
3545
3507
3546
3508
3547
3509
3548
3549
3511
3550
3512
3551
3513
3552
3514
3553
3515
3554
3516
3555
3517
3556
3518
3557
3519
3558
3520
3559
3521
3560
3522
3561
3523
3562
3524
3563
3525
3564
3526
3565
3527
3566
3528
3567
3529
3568
3530
3569
3531
3570
3532
3571
3533
3572
3534
3573
3535
3574
3536
3575
3537
3576
3538
3577
3539
3578
3540
3579
3541
3580
3542
3581
3543
3582
3544
3583
3545
3584
3546
3585
3547
3586
3548
3587
3549
3588
3589
3551
3590
3552
3591
3553
3592
3554
3593
3555
3594
3556
3595
3557
3596
3558
3597
3559
3598
3560
3599
3561
3600
3562
3601
3563
3602
3564
3603
3565
3604
3566
3605
3567
3606
3568
3607
3569
3608
3570
3609
3571
3610
3572
3611
3573
3612
3574
3613
3575
3614
3576
3615
3577
3616
3578
3617
3579
3618
3580
3619
3581
3620
3582
3621
3583
3622
3584
3623
3585
3624
3586
3625
3587
3626
3588
3627
3589
3628
3629
3591
3630
3592
3631
3593
3632
3594
3633
3595
3634
3596
3635
3597
3636
3598
3637
3599
3638
3600
3639
3601
3640
3602
3641
3603
3642
3604
3643
3605
3644
3606
3645
3607
3646
3608
3647
3609
3648
3610
3649
3611
3650
3612
3651
3613
3652
3614
3653
3615
3654
3616
3655
3617
3656
3618
3657
3619
3658
3620
3659
3621
3660
3622
3661
3623
3662
3624
3663
3625
3664
3626
3665
3627
3666
3628
3667
3629
3668
3669
3631
3670
3632
3671
3633
3672
3634
3673
3635
3674
3636
3675
3637
3676
3638
3677
3639
3678
3640
3679
3641
3680
3642
3681
3643
3682
3644
3683
3645
3684
3646
3685
3647
3686
3648
3687
3649
3688
3650
3689
3651
3690
3652
3691
3653
3692
3654
3693
3655
3694
3656
3695
3657
3696
3658
3697
3659
3698
3660
3699
3661
3700
3662
3701
3663
3702
3664
3703
3665
3704
3666
3705
3667
3706
3668
3707
3669
3708
3709
3671
3710
3672
3711
3673
3712
3674
3713
3675
3714
3676
3715
3677
3716
3678
3717
3679
3718
3680
3719
3681
3720
3682
3721
3683
3722
3684
3723
3685
3724
3686
3725
3687
3726
3688
3727
3689
3728
3690
3729
3691
3730
3692
3731
3693
3732
3694
3733
3695
3734
3696
3735
3697
3736
3698
3737
3699
3738
3700
3739
3701
3740
3702
3741
3703
3742
3704
3743
3705
3744
3706
3745
3707
3746
3708
3747
3709
3748
3749
3711
3750
3712
3751
3713
3752
3714
3753
3715
3754
3716
3755
3717
3756
3718
3757
3719
3758
3720
3759
3721
3760
3722
3761
3723
3762
3724
3763
3725
3764
3726
3765
3727
3766
3728
3767
3729
3768
3730
3769
3731
3770
3732
3771
3733
3772
3734
3773
3735
3774
3736
3775
3737
3776
3738
3777
3739
3778
3740
3779
3741
3780
3742
3781
3743
3782
3744
3783
3745
3784
3746
3785
3747
3786
3748
3787
3749
3788
3789
3751
3790
3752
3791
3753
3792
3754
3793
3755
3794
3756
3795
3757
3796
3758
3797
3759
3798
3760
3799
3761
3800
3762
3801
3763
3802
3764
3803
3765
3804
3766
3805
3767
3806
3768
3807
3769
3808
3770
3809
3771
3810
3772
3811
3773
3812
3774
3813
3775
3814
3776
3815
3777
3816
3778
3817
3779
3818
3780
3819
3781
3820
3782
3821
3783
3822
3784
3823
3785
3824
3786
3825
3787
3826
3788
3827
3789
3828
3829
3791
3830
3792
3831
3793
3832
3794
3833
3795
3834
3796
3835
3797
3836
3798
3837
3799
3838
3800
3839
3801
3840
3802
3841
3803
3842
3804
3843
3805
3844
3806
3845
3807
3846
3808
3847
3809
3848
3810
3849
3811
3850
3812
3851
3813
3852
3814
3853
3815
3854
3816
3855
3817
3856
3818
3857
3819
3858
3820
3859
3821
3860
3822
3861
3823
3862
3824
3863
3825
3864
3826
3865
3827
3866
3828
3867
3829
3868
3869
3831
3870
3832
3871
3833
3872
3834
3873
3835
3874
3836
3875
3837
3876
3838
3877
3839
3878
3840
3879
3841
3880
3842
3881
3843
3882
3844
3883
3845
3884
3846
3885
3847
3886
3848
3887
3849
3888
3850
3889
3851
3890
3852
3891
3853
3892
3854
3893
3855
3894
3856
3895
3857
3896
3858
3897
3859
3898
3860
3899
3861
3900
3862
3901
3863
3902
3864
3903
3865
3904
3866
3905
3867
3906
3868
3907
3869
3908
3909
3871
3910
3872
3911
3873
3912
3874
3913
3875
3914
3876
3915
3877
3916
3878
3917
3879
3918
3880
3919
3881
3920
3882
3921
3883
3922
3884
3923
3885
3924
3886
3925
3887
3926
3888
3927
3889
3928
3890
3929
3891
3930
3892
3931
3893
3932
3894
3933
3895
3934
3896
3935
3897
3936
3898
3937
3899
3938
3900
3939
3901
3940
3902
3941
3903
3942
3904
3943
3905
3944
3906
3945
3907
3946
3908
3947
3909
3948
3949
3911
3950
3912
3951
3913
3952
3914
3953
3915
3954
3916
3955
3917
3956
3918
3957
3919
3958
3920
3959
3921
3960
3922
3961
3923
3962
3924
3963
3925
3964
3926
3965
3927
3966
3928
3967
3929
3968
3930
3969
3931
3970
3932
3971
3933
3972
3934
3973
3935
3974
3936
3975
3937
3976
3938
3977
3939
3978
3940
3979
3941
3980
3942
3981
3943
3982
3944
3983
3945
3984
3946
3985
3947
3986
3948
3987
3949
3988
3989
3951
3990
3952
3991
3953
3992
3954
3993
3955
3994
3956
3995
3957
3996
3958
3997
3959
3998
3960
3999
3961
4000
3962
4001
3963
4002
3964
4003
3965
4004
3966
4005
3967
4006
3968
4007
3969
4008
3970
4009
3971
4010
3972
4011
3973
4012
3974
4013
3975
4014
3976
4015
3977
4016
3978
4017
3979
4018
3980
4019
3981
4020
3982
4021
3983
4022
3984
4023
3985
4024
3986
4025
3987
4026
3988
4027
3989
4028
4029
3991
4030
3992
4031
3993
4032
3994
4033
3995
4034
3996
4035
3997
4036
3998
4037
3999
4038
4000
4039
4001
4040
4002
4041
4003
4042
4004
4043
4005
4044
4006
4045
4007
4046
4008
4047
4009
4048
4010
4049
4011
4050
4012
4051
4013
4052
4014
4053
4015
4054
4016
4055
4017
4056
4018
4057
4019
4058
4020
4059
4021
4060
4022
4061
4023
4062
4024
4063
4025
4064
4026
4065
4027
4066
4028
4067
4029
4068
4069
4031
4070
4032
4071
4033
4072
4034
4073
4035
4074
4036
4075
4037
4076
4038
4077
4039
4078
4040
4079
4041
4080
4042
4081
4043
4082
4044
4083
4045
4084
4046
4085
4047
4086
4048
4087
4049
4088
4050
4089
4051
4090
4052
4091
4053
4092
4054
4093
4055
4094
4056
4095
4057
4096
4058
4097
4059
4098
4060
4099
4061
4100
4062
4101
4063
4102
4064
4103
4065
4104
4066
4105
4067
4106
4068
4107
4069
4108
4109
4071
4110
4072
4111
4073
4112
4074
4113
4075
4114
4076
4115
4077
4116
4078
4117
4079
4118
4080
4119
4081
4120
4082
4121
4083
4122
4084
4123
4085
4124
4086
4125
4087
4126
4088
4127
4089
4128
4090
4129
4091
4130
4092
4131
4093
4132
4094
4133
4095
4134
4096
4135
4097
4136
4098
4137
4099
4138
4100
4139
4101
4140
4102
4141
4103
4142
4104
4143
4105
4144
4106
4145
4107
4146
4108
4147
4109
4148
4149
4111
4150
4112
4151
4113
4152
4114
4153
4115
4154
4116
4155
4117
4156
4118
4157
4119
4158
4120
4159
4121
4160
4122
4161
4123
4162
4124
4163
4125
4164
4126
4165
4127
4166
4128
4167
4129
4168
4130
4169
4131
4170
4132
4171
4133
4172
4134
4173
4135
4174
4136
4175
4137
4176
4138
4177
4139
4178
4140
4179
4141
4180
4142
4181
4143
4182
4144
4183
4145
4184
4146
4185
4147
4186
4148
4187
4149
4188
4189
4151
4190
4152
4191
4153
4192
4154
4193
4155
4194
4156
4195
4157
4196
4158
4197
4159
4198
4160
4199
4161
4200
4162
4201
4163
4202
4164
4203
4165
4204
4166
4205
4167
4206
4168
4207
4169
4208
4170
4209
4171
4210
4172
4211
4173
4212
4174
4213
4175
4214
4176
4215
4177
4216
4178
4217
4179
4218
4180
4219
4181
4220
4182
4221
4183
4222
4184
4223
4185
4224
4186
4225
4187
4226
4188
4227
4189
4228
4229
4191
4230
4192
4231
4193
4232
4194
4233
4195
4234
4196
4235
4197
4236
4198
4237
4199
4238
4200
4239
4201
4240
4202
4241
4203
4242
4204
4243
4205
4244
4206
4245
4207
4246
4208
4247
4209
4248
4210
4249
4211
4250
4212
4251
4213
4252
4214
4253
4215
4254
4216
4255
4217
4256
4218
4257
4219
4258
4220
4259
4221
4260
4222
4261
4223
4262
4224
4263
4225
4264
4226
4265
4227
4266
4228
4267
4229
4268
4269
4231
4270
4232
4271
4233
4272
4234
4273
4235
4274
4236
4275
4237
4276
4238
4277
4239
4278
4240
4279
4241
4280
4242
4281
4243
4282
4244
4283
4245
4284
4246
4285
4247
4286
4248
4287
4249
4288
4250
4289
4251
4290
4252
4291
4253
4292
4254
4293
4255
4294
4256
4295
4257
4296
4258
4297
4259
4298
4260
4299
4261
4300
4262
4301
4263
4302
4264
4303
4265
4304
4266
4305
4267
4306
4268
4307
4269
4308
4309
4271
4310
4272
4311
4273
4312
4274
4313
4275
4314
4276
4315
4277
4316
4278
4317
4279
4318
4280
4319
4281
4320
4282
4321
4283
4322
4284
4323
4285
4324
4286
4325
4287
4326
4288
4327
4289
4328
4290
4329
4291
4330
4292
4331
4293
4332
4294
4333
4295
4334
4296
4335
4297
4336
4298
4337
4299
4338
4300
4339
4301
4340
4302
4341
4303
4342
4304
4343
4305
4344
4306
4345
4307
4346
4308
4347
4309
4348
4349
4311
4350
4312
4351
4313
4352
4314
4353
4315
4354
4316
4355
4317
4356
4318
4357
4319
4358
4320
4359
4321
4360
4322
4361
4323
4362
4324
4363
4325
4364
4326
4365
4327
4366
4328
4367
4329
4368
4330
4369
4331
4370
4332
4371
4333
4372
4334
4373
4335
4374
4336
4375
4337
4376
4338
4377
4339
4378
4340
4379
4341
4380
4342
4381
4343
4382
4344
4383
4345
4384
4346
4385
4347
4386
4348
4387
4349
4388
4389
4351
4390
4352
4391
4353
4392
4354
4393
4355
4394
4356
4395
4357
4396
4358
4397
4359
4398
4360
4399
4361
4400
4362
4401
4363
4402
4364
4403
4365
4404
4366
4405
4367
4406
4368
4407
4369
4408
4370
4409
4371
4410
4372
4411
4373
4412
4374
4413
4375
4414
4376
4415
4377
4416
4378
4417
4379
4418
4380
4419
4381
4420
4382
4421
4383
4422
4384
4423
4385
4424
4386
4425
4387
4426
4388
4427
4389
4428
4429
4391
4430
4392
4431
4393
4432
4394
4433
4395
4434
4396
4435
4397
4436
4398
4437
4399
4438
4400
4439
4401
4440
4402
4441
4403
4442
4404
4443
4405
4444
4406
4445
4407
4446
4408
4447
4409
4448
4410
4449
4411
4450
4412
4451
4413
4452
4414
4453
4415
4454
4416
4455
4417
4456
4418
4457
4419
4458
4420
4459
4421
4460
4422
4461
4423
4462
4424
4463
4425
4464
4426
4465
4427
4466
4428
4467
4429
4468
4469
4431
4470
4432
4471
4433
4472
4434
4473
4435
4474
4436
4475
4437
4476
4438
4477
4439
4478
4440
4479
4441
4480
4442
4481
4443
4482
4444
4483
4445
4484
4446
4485
4447
4486
4448
4487
4449
4488
4450
4489
4451
4490
4452
4491
4453
4492
4454
4493
4455
4494
4456
4495
4457
4496
4458
4497
4459
4498
4460
4499
4461
4500
4462
4501
4463
4502
4464
4503
4465
4504
4466
4505
4467
4506
4468
4507
4469
4508
4509
4471
4510
4472
4511
4473
4512
4474
4513
4475
4514
4476
4515
4477
4516
4478
4517
4479
4518
4480
4519
4481
4520
4482
4521
4483
4522
4484
4523
4485
4524
4486
4525
4487
4526
4488
4527
4489
4528
4490
4529
4491
4530
4492
4531
4493
4532
4494
4533
4495
4534
4496
4535
4497
4536
4498
4537
4499
4538
4500
4539
4501
4540
4502
4541
4503
4542
4504
4543
4505
4544
4506
4545
4507
4546
4508
4547
4509
4548
4549
4511
4550
4512
4551
4513
4552
4514
4553
4515
4554
4516
4555
4517
4556
4518
4557
4519
4558
4520
4559
4521
4560
4522
4561
4523
4562
4524
4563
4525
4564
4526
4565
4527
4566
4528
4567
4529
4568
4530
4569
4531
4570
4532
4571
4533
4572
4534
4573
4535
4574
4536
4575
4537
4576
4538
4577
4539
4578
4540
4579
4541
4580
4542
4581
4543
4582
4544
4583
4545
4584
4546
4585
4547
4586
4548
4587
4549
4588
4589
4551
4590
4552
4591
4553
4592
4554
4593
4555
4594
4556
4595
4557
4596
4558
4597
4559
4598
4560
4599
4561
4600
4562
4601
4563
4602
4564
4603
4565
4604
4566
4605
4567
4606
4568
4607
4569
4608
4570
4609
4571
4610
4572
4611
4573
4612
4574
4613
4575
4614
4576
4615
4577
4616
4578
4617
4579
4618
4580
4619
4581
4620
4582
4621
4583
4622
4584
4623
4585
4624
4586
4625
4587
4626
4588
4627
4589
4628
4629
4591
4630
4592
4631
4593
4632
4594
4633
4595
4634
4596
4635
4597
4636
4598
4637
4599
4638
4600
4639
4601
4640
4602
4641
4603
4642
4604
4643
4605
4644
4606
4645
4607
4646
4608
4647
4609
4648
4610
4649
4611
4650
4612
4651
4613
4652
4614
4653
4615
4654
4616
4655
4617
4656
4618
4657
4619
4658
4620
4659
4621
4660
4622
4661
4623
4662
4624
4663
4625
4664
4626
4665
4627
4666
4628
4667
4629
4668
4669
4631
4670
4632
4671
4633
4672
4634
4673
4635
4674
4636
4675
4637
4676
4638
4677
4639
4678
4640
4679
4641
4680
4642
4681
4643
4682
4644
4683
4645
4684
4646
4685
4647
4686
4648
4687
4649
4688
4650
4689
4651
4690
4652
4691
4653
4692
4654
4693
4655
4694
4656
4695
4657
4696
4658
4697
4659
4698
4660
4699
4661
4700
4662
4701
4663
4702
4664
4703
4665
4704
4666
4705
4667
4706
4668
4707
4669
4708
4709
4671
4710
4672
4711
4673
4712
4674
4713
4675
4714
4676
4715
4677
4716
4678
4717
4679
4718
4680
4719
4681
4720
4682
4721
4683
4722
4684
4723
4685
4724
4686
4725
4687
4726
4688
4727
4689
4728
4690
4729
4691
4730
4692
4731
4693
4732
4694
4733
4695
4734
4696
4735
4697
4736
4698
4737
4699
4738
4700
4739
4701
4740
4702
4741
4703
4742
4704
4743
4705
4744
4706
4745
4707
4746
4708
4747
4709
4748
4749
4711
4750
4712
4751
4713
4752
4714
4753
4715
4754
4716
4755
4717
4756
4718
4757
4719
4758
4720
4759
4721
4760
4722
4761
4723
4762
4724
4763
4725
4764
4726
4765
4727
4766
4728
4767
4729
4768
4730
4769
4731
4770
4732
4771
4733
4772
4734
4773
4735
4774
4736
4775
4737
4776
4738
4777
4739
4778
4740
4779
4741
4780
4742
4781
4743
4782
4744
4783
4745
4784
4746
4785
4747
4786
4748
4787
4749
4788
4789
4751
4790
4752
4791
4753
4792
4754
4793
4755
4794
4756
4795
4757
4796
4758
4797
4759
4798
4760
4799
4761
4800
4762
4801
4763
4802
4764
4803
4765
4804
4766
4805
4767
4806
4768
4807
4769
4808
4770
4809
4771
4810
4772
4811
4773
4812
4774
4813
4775
4814
4776
4815
4777
4816
4778
4817
4779
4818
4780
4819
4781
4820
4782
4821
4783
4822
4784
4823
4785
4824
4786
4825
4787
4826
4788
4827
4789
4828
4829
4791
4830
4792
4831
4793
4832
4794
4833
4795
4834
4796
4835
4797
4836
4798
4837
4799
4838
4800
4839
4801
4840
4802
4841
4803
4842
4804
4843
4805
4844
4806
4845
4807
4846
4808
4847
4809
4848
4810
4849
4811
4850
4812
4851
4813
4852
4814
4853
4815
4854
4816
4855
4817
4856
4818
4857
4819
4858
4820
4859
4821
4860
4822
4861
4823
4862
4824
4863
4825
4864
4826
4865
4827
4866
4828
4867
4829
4868
4869
4831
4870
4832
4871
4833
4872
4834
4873
4835
4874
4836
4875
4837
4876
4838
4877
4839
4878
4840
4879
4841
4880
4842
4881
4843
4882
4844
4883
4845
4884
4846
4885
4847
4886
4848
4887
4849
4888
4850
4889
4851
4890
4852
4891
4853
4892
4854
4893
4855
4894
4856
4895
4857
4896
4858
4897
4859
4898
4860
4899
4861
4900
4862
4901
4863
4902
4864
4903
4865
4904
4866
4905
4867
4906
4868
4907
4869
4908
4909
4871
4910
4872
4911
4873
4912
4874
4913
4875
4914
4876
4915
4877
4916
4878
4917
4879
4918
4880
4919
4881
4920
4882
4921
4883
4922
4884
4923
4885
4924
4886
4925
4887
4926
4888
4927
4889
4928
4890
4929
4891
4930
4892
4931
4893
4932
4894
4933
4895
4934
4896
4935
4897
4936
4898
4937
4899
4938
4900
4939
4901
4940
4902
4941
4903
4942
4904
4943
4905
4944
4906
4945
4907
4946
4908
4947
4909
4948
4949
4911
4950
4912
4951
4913
4952
4914
4953
4915
4954
4916
4955
4917
4956
4918
4957
4919
4958
4920
4959
4921
4960
4922
4961
4923
4962
4924
4963
4925
4964
4926
4965
4927
4966
4928
4967
4929
4968
4930
4969
4931
4970
4932
4971
4933
4972
4934
4973
4935
4974
4936
4975
4937
4976
4938
4977
4939
4978
4940
4979
4941
4980
4942
4981
4943
4982
4944
4983
4945
4984
4946
4985
4947
4986
4948
4987
4949
4988
4989
4951
4990
4952
4991
4953
4992
4954
4993
4955
4994
4956
4995
4957
4996
4958
4997
4959
4998
4960
4999
4961
5000
4962
5001
4963
5002
4964
5003
4965
5004
4966
5005
4967
5006
4968
5007
4969
5008
4970
5009
4971
5010
4972
5011
4973
5012
4974
5013
4975
5014
4976
5015
4977
5016
4978
5017
4979
5018
4980
5019
4981
5020
4982
5021
4983
5022
4984
5023
4985
5024
4986
5025
4987
5026
4988
5027
4989
5028
5029
4991
5030
4992
5031
4993
5032
4994
5033
4995
5034
4996
5035
4997
5036
4998
5037
4999
5038
5000
5039
5001
5040
5002
5041
5003
5042
5004
5043
5005
5044
5006
5045
5007
5046
5008
5047
5009
5048
5010
5049
5011
5050
5012
5051
5013
5052
5014
5053
5015
5054
5016
5055
5017
5056
5018
5057
5019
5058
5020
5059
5021
5060
5022
5061
5023
5062
5024
5063
5025
5064
5026
5065
5027
5066
5028
5067
5029
5068
5069
5031
5070
5032
5071
5033
5072
5034
5073
5035
5074
5036
5075
5037
5076
5038
5077
5039
5078
5040
5079
5041
5080
5042
5081
5043
5082
5044
5083
5045
5084
5046
5085
5047
5086
5048
5087
5049
5088
5050
5089
5051
5090
5052
5091
5053
5092
5054
5093
5055
5094
5056
5095
5057
5096
5058
5097
5059
5098
5060
5099
5061
5100
5062
5101
5063
5102
5064
5103
5065
5104
5066
5105
5067
5106
5068
5107
5069
5108
5109
5071
5110
5072
5111
5073
5112
5074
5113
5075
5114
5076
5115
5077
5116
5078
5117
5079
5118
5080
5119
5081
5120
5082
5121
5083
5122
5084
5123
5085
5124
5086
5125
5087
5126
5088
5127
5089
5128
5090
5129
5091
5130
5092
5131
5093
5132
5094
5133
5095
5134
5096
5135
5097
5136
5098
5137
5099
5138
5100
5139
5101
5140
5102
5141
5103
5142
5104
5143
5105
5144
5106
5145
5107
5146
5108
5147
5109
5148
5149
5111
5150
5112
5151
5113
5152
5114
5153
5115
5154
5116
5155
5117
5156
5118
5157
5119
5158
5120
5159
5121
5160
5122
5161
5123
5162
5124
5163
5125
5164
5126
5165
5127
5166
5128
5167
5129
5168
5130
5169
5131
5170
5132
5171
5133
5172
5134
5173
5135
5174
5136
5175
5137
5176
5138
5177
5139
5178
5140
5179
5141
5180
5142
5181
5143
5182
5144
5183
5145
5184
5146
5185
5147
5186
5148
5187
5149
5188
5189
5151
5190
5152
5191
5153
5192
5154
5193
5155
5194
5156
5195
5157
5196
5158
5197
5159
5198
5160
5199
5161
5200
5162
5201
5163
5202
5164
5203
5165
5204
5166
5205
5167
5206
5168
5207
5169
5208
5170
5209
5171
5210
5172
5211
5173
5212
5174
5213
5175
5214
5176
5215
5177
5216
5178
5217
5179
5218
5180
5219
5181
5220
5182
5221
5183
5222
5184
5223
5185
5224
5186
5225
5187
5226
5188
5227
5189
5228
5229
5191
5230
5192
5231
5193
5232
5194
5233
5195
5234
5196
5235
5197
5236
5198
5237
5199
5238
5200
5239
5201
5240
5202
5241
5203
5242
5204
5243
5205
5244
5206
5245
5207
5246
5208
5247
5209
5248
5210
5249
5211
5250
5212
5251
5213
5252
5214
5253
5215
5254
5216
5255
5217
5256
5218
5257
5219
5258
5220
5259
5221
5260
5222
5261
5223
5262
5224
5263
5225
5264
5226
5265
5227
5266
5228
5267
5229
5268
5269
5231
5270
5232
5271
5233
5272
5234
5273
5235
5274
5236
5275
5237
5276
5238
5277
5239
5278
5240
5279
5241
5280
5242
5281
5243
5282
5244
5283
5245
5284
5246
5285
5247
5286
5248
5287
5249
5288
5250
5289
5251
5290
5252
5291
5253
5292
5254
5293
5255
5294
5256
5295
5257
5296
5258
5297
5259
5298
5260
5299
5261
5300
5262
5301
5263
5302
5264
5303
5265
5304
5266
5305
5267
5306
5268
5307
5269
5308
5309
5271
5310
5272
5311
5273
5312
5274
5313
5275
5314
5276
5315
5277
5316
5278
5317
5279
5318
5280
5319
5281
5320
5282
5321
5283
5322
5284
5323
5285
5324
5286
5325
5287
5326
5288
5327
5289
5328
5290
5329
5291
5330
5292
5331
5293
5332
5294
5333
5295
5334
5296
5335
5297
5336
5298
5337
5299
5338
5300
5339
5301
5340
5302
5341
5303
5342
5304
5343
5305
5344
5306
5345
5307
5346
5308
5347
5309
5348
5349
5311
5350
5312
5351
5313
5352
5314
5353
5315
5354
5316
5355
5317
5356
5318
5357
5319
5358
5320
5359
5321
5360
5322
5361
5323
5362
5324
5363
5325
5364
5326
5365
5327
5366
5328
5367
5329
5368
5330
5369
5331
5370
5332
5371
5333
5372
5334
5373
5335
5374
5336
5375
5337
5376
5338
5377
5339
5378
5340
5379
5341
5380
5342
5381
5343
5382
5344
5383
5345
5384
5346
5385
5347
5386
5348
5387
5349
5388
5389
5351
5390
5352
5391
5353
5392
5354
5393
5355
5394
5356
5395
5357
5396
5358
5397
5359
5398
5360
5399
5361
5400
5362
5401
5363
5402
5364
5403
5365
5404
5366
5405
5367
5406
5368
5407
5369
5408
5370
5409
5371
5410
5372
5411
5373
5412
5374
5413
5375
5414
5376
5415
5377
5416
5378
5417
5379
5418
5380
5419
5381
5420
5382
5421
5383
5422
5384
5423
5385
5424
5386
5425
5387
5426
5388
5427
5389
5428
5429
5391
5430
5392
5431
5393
5432
5394
5433
5395
5434
5396
5435
5397
5436
5398
5437
5399
5438
5400
5439
5401
5440
5402
5441
5403
5442
5404
5443
5405
5444
5406
5445
5407
5446
5408
5447
5409
5448
5410
5449
5411
5450
5412
5451
5413
5452
5414
5453
5415
5454
5416
5455
5417
5456
5418
5457
5419
5458
5420
5459
5421
5460
5422
5461
5423
5462
5424
5463
5425
5464
5426
5465
5427
5466
5428
5467
5429
5468
5469
5431
5470
5432
5471
5433
5472
5434
5473
5435
5474
5436
5475
5437
5476
5438
5477
5439
5478
5440
5479
5441
5480
5442
5481
5443
5482
5444
5483
5445
5484
5446
5485
5447
5486
5448
5487
5449
5488
5450
5489
5451
5490
5452
5491
5453
5492
5454
5493
5455
5494
5456
5495
5457
5496
5458
5497
5459
5498
5460
5499
5461
5500
5462
5501
5463
5502
5464
5503
5465
5504
5466
5505
5467
5506
5468
5507
5469
5508
5509
5471
5510
5472
5511
5473
5512
5474
5513
5475
5514
5476
5515
5477
5516
5478
5517
5479
5518
5480
5519
5481
5520
5482
5521
5483
5522
5484
5523
5485
5524
5486
5525
5487
5526
5488
5527
5489
5528
5490
5529
5491
5530
5492
5531
5493
5532
5494
5533
5495
5534
5496
5535
5497
5536
5498
5537
5499
5538
5500
5539
5501
5540
5502
5541
5503
5542
5504
5543
5505
5544
5506
5545
5507
5546
5508
5547
5509
5548
5549
5511
5512
5513
5514
5515
5516
5517
5518
5519
5520
5521
5522
5523
5524
5525
5526
5527
5528
5529
5530
5531
5532
5533
5534
5535
5536
5537
5538
5539
5540
5541
5542
5543
5544
5545
5546
5547
5548
5549
)


// ************************************************************************* //
